31.056661
31.056661
30.742957
33.252586
45.487028
31.370364
31.684068
33.252586
31.370364
31.056661
34.821104
37.958141
47.682954
31.056661
32.625179
30.742957
32.625179
34.193697
173.478114
31.056661
33.879993
31.370364
31.056661
32.311475
31.056661
31.684068
31.370364
31.056661
31.056661
31.056661
30.429253
31.056661
30.429253
31.370364
31.056661
31.370364
49.565175
30.742957
31.684068
37.644437
38.271844
31.370364
30.429253
31.684068
31.997771
31.684068
30.742957
68.387394
37.017030
31.370364
30.742957
31.056661
30.429253
30.742957
31.370364
30.742957
33.879993
30.429253
37.017030
30.742957
30.742957
31.997771
31.684068
31.684068
35.762215
32.938882
32.625179
31.370364
31.056661
30.742957
30.429253
32.311475
30.429253
31.056661
31.370364
33.566290
30.429253
30.115550
30.429253
31.684068
37.330733
38.585548
31.370364
31.370364
31.684068
31.684068
31.056661
31.684068
31.370364
31.370364
31.997771
31.370364
31.684068
30.742957
32.311475
31.997771
31.684068
31.370364
31.056661
31.684068
Srednia: 34.237615
