43.918510
43.604806
68.073690
43.291103
51.447397
63.054432
63.995543
43.291103
43.604806
43.291103
43.604806
43.604806
43.604806
43.604806
54.584434
43.291103
43.604806
43.291103
43.604806
43.604806
44.545917
43.604806
43.291103
43.604806
43.604806
44.545917
44.232213
43.918510
43.291103
43.604806
43.291103
43.291103
43.604806
43.604806
51.447397
43.604806
43.604806
56.466655
43.604806
43.604806
43.604806
43.291103
43.918510
43.604806
43.604806
43.291103
43.604806
43.604806
43.291103
43.604806
43.604806
44.232213
43.291103
43.604806
43.604806
47.055546
43.918510
43.918510
46.114435
43.291103
43.604806
43.291103
43.604806
72.151838
43.291103
43.604806
43.291103
43.604806
43.918510
43.604806
43.291103
43.291103
43.604806
43.604806
44.232213
43.291103
43.918510
43.604806
43.604806
50.506286
43.291103
43.604806
43.291103
50.819990
43.604806
43.604806
43.918510
44.859621
43.291103
48.937768
43.291103
44.859621
43.604806
164.067005
43.604806
44.545917
43.291103
43.918510
43.604806
43.604806
Srednia: 46.409317
