21.645551
21.959255
21.959255
21.959255
22.272959
34.821104
22.900366
21.959255
21.645551
21.959255
21.959255
22.272959
21.959255
21.959255
21.959255
21.959255
22.272959
21.959255
21.959255
21.959255
21.959255
21.959255
22.272959
21.959255
23.841477
23.214069
52.074805
21.959255
40.154066
21.959255
21.959255
21.959255
21.959255
21.959255
21.959255
21.959255
21.959255
21.645551
21.645551
21.959255
22.272959
131.128122
23.214069
21.645551
22.900366
21.959255
21.959255
21.959255
21.959255
21.645551
21.959255
21.959255
21.959255
21.645551
682.305421
21.959255
21.645551
22.272959
21.959255
21.959255
21.959255
21.645551
21.959255
22.272959
21.959255
21.959255
22.586662
21.959255
25.096291
21.959255
21.959255
22.272959
21.959255
21.959255
21.959255
21.645551
22.272959
22.900366
21.959255
21.959255
21.959255
21.959255
21.645551
21.959255
21.645551
22.272959
21.959255
22.272959
21.959255
21.959255
21.959255
21.959255
21.645551
21.959255
22.900366
21.959255
21.959255
21.645551
21.959255
21.959255
Srednia: 30.375924
