15.685182
14.744071
15.057775
15.057775
15.998886
15.057775
15.057775
18.508515
15.057775
14.744071
14.744071
14.744071
15.057775
14.744071
14.744071
15.057775
14.744071
14.744071
15.057775
15.057775
14.744071
16.312589
15.371478
15.371478
16.312589
16.312589
15.371478
15.685182
16.312589
14.744071
14.744071
14.744071
14.744071
15.057775
15.371478
15.371478
15.998886
16.626293
14.744071
14.744071
70.897023
15.057775
14.744071
15.057775
16.939997
14.744071
15.057775
14.744071
14.744071
14.744071
15.057775
15.057775
15.998886
14.744071
14.744071
15.371478
14.744071
14.744071
14.430368
15.057775
15.057775
16.939997
14.744071
14.744071
15.057775
15.057775
15.057775
15.371478
16.312589
15.057775
15.057775
15.057775
15.998886
15.057775
14.744071
14.744071
14.744071
15.057775
14.744071
14.744071
15.057775
15.057775
14.744071
15.057775
14.744071
14.744071
14.430368
14.744071
54.270730
14.744071
14.744071
15.057775
14.744071
15.057775
14.744071
14.744071
15.371478
15.057775
15.057775
14.744071
Srednia: 16.092997
