23.214069
19.763329
58.035174
317.154382
28.233328
21.331848
20.704440
94.424796
19.763329
21.018144
19.449626
19.449626
20.390737
19.763329
19.763329
19.763329
20.390737
20.077033
20.077033
20.390737
28.860735
19.449626
19.763329
19.449626
19.449626
20.390737
21.018144
26.351106
20.077033
19.449626
19.763329
19.449626
20.704440
20.704440
19.763329
19.449626
19.449626
19.763329
19.449626
19.763329
19.449626
20.704440
19.763329
19.763329
20.077033
19.449626
19.449626
19.449626
25.409995
20.390737
19.449626
21.018144
21.018144
20.077033
20.077033
19.449626
19.763329
19.449626
19.763329
19.763329
20.077033
20.390737
19.449626
19.763329
19.763329
20.390737
19.763329
20.077033
19.449626
20.390737
20.704440
20.077033
19.763329
20.704440
21.018144
19.763329
19.763329
20.077033
20.077033
21.018144
20.077033
19.763329
19.763329
19.763329
19.763329
23.841477
19.763329
20.077033
20.077033
20.704440
20.077033
19.763329
19.449626
21.018144
20.077033
19.763329
19.763329
19.763329
19.449626
23.214069
Srednia: 24.478295
