22.272959
21.959255
22.586662
22.900366
21.959255
22.272959
21.959255
33.252586
21.959255
30.742957
21.959255
23.527773
22.272959
21.645551
21.959255
23.214069
21.959255
21.959255
21.645551
21.645551
22.272959
21.959255
27.919624
21.645551
21.959255
21.959255
21.959255
21.959255
21.645551
21.645551
23.841477
21.959255
22.272959
21.645551
21.959255
21.959255
21.959255
21.959255
21.645551
21.959255
21.959255
22.272959
22.272959
64.936654
21.959255
1418.567868
21.959255
29.801846
21.959255
21.959255
22.272959
21.645551
21.959255
21.959255
21.959255
21.959255
21.959255
21.959255
21.959255
21.959255
21.959255
21.959255
21.959255
21.959255
22.272959
22.272959
21.959255
24.782588
21.959255
22.272959
21.645551
22.272959
22.272959
21.959255
22.272959
21.959255
21.959255
21.959255
22.586662
21.959255
23.841477
21.959255
22.272959
21.959255
21.959255
22.900366
21.959255
22.900366
24.782588
21.959255
22.272959
22.900366
22.272959
22.272959
21.959255
21.959255
21.959255
21.959255
22.272959
21.959255
Srednia: 36.894685
