41.408881
41.408881
41.408881
41.408881
41.408881
41.722584
41.408881
47.682954
41.722584
41.722584
41.408881
42.349992
41.722584
41.408881
41.408881
41.722584
41.722584
42.036288
49.251472
41.408881
41.408881
41.722584
41.408881
41.722584
41.408881
41.408881
42.036288
41.408881
41.408881
41.408881
42.036288
41.722584
41.722584
41.722584
41.722584
42.036288
41.722584
41.095177
156.851821
41.722584
41.722584
43.604806
41.722584
41.722584
41.408881
41.722584
41.722584
41.408881
41.408881
42.036288
42.036288
41.408881
597.605437
42.349992
42.349992
41.408881
41.408881
42.977399
41.408881
41.408881
41.722584
41.722584
41.722584
42.036288
41.722584
41.095177
42.036288
42.349992
42.349992
43.291103
41.722584
41.722584
44.859621
48.624064
41.408881
42.977399
48.624064
42.349992
41.408881
41.722584
41.408881
41.722584
41.722584
41.408881
41.408881
41.408881
41.095177
41.722584
41.408881
42.036288
43.918510
41.408881
41.722584
41.408881
42.977399
42.349992
41.408881
41.408881
41.408881
42.036288
Srednia: 48.771505
