3.764444
3.450740
3.450740
3.450740
3.764444
4.078147
3.764444
3.450740
3.450740
3.450740
3.450740
3.764444
4.078147
3.450740
4.391851
3.764444
4.078147
3.450740
3.764444
3.450740
3.764444
4.391851
3.764444
3.450740
3.764444
3.450740
4.391851
3.450740
3.450740
3.137036
3.450740
3.450740
4.391851
3.137036
4.078147
3.764444
3.450740
3.764444
3.450740
3.450740
3.450740
3.764444
3.450740
3.450740
4.705555
4.078147
4.705555
4.391851
3.450740
3.450740
3.450740
4.078147
4.078147
3.764444
3.450740
3.450740
3.450740
3.137036
4.391851
4.078147
3.764444
3.137036
3.450740
3.450740
4.078147
4.078147
3.450740
11.293331
3.450740
4.078147
3.764444
3.450740
3.137036
3.450740
3.137036
3.137036
4.078147
3.764444
3.450740
3.764444
3.450740
4.078147
4.391851
3.450740
3.450740
3.450740
3.450740
3.137036
3.137036
4.078147
3.450740
3.450740
3.450740
4.078147
3.450740
3.764444
3.450740
3.450740
3.137036
3.450740
Srednia: 3.739347
