39.212955
39.526659
39.526659
85.327391
40.154066
39.212955
39.212955
39.840362
39.212955
39.212955
39.212955
39.212955
39.526659
41.095177
39.212955
39.212955
39.212955
39.840362
39.526659
39.840362
39.840362
39.526659
39.526659
39.212955
39.526659
39.212955
39.526659
39.212955
39.212955
40.154066
39.212955
39.526659
40.154066
39.212955
39.526659
39.212955
39.212955
39.526659
39.840362
39.526659
39.212955
40.467770
40.467770
39.212955
39.840362
39.526659
39.526659
41.095177
39.526659
39.212955
39.526659
40.154066
39.212955
39.526659
39.526659
39.526659
39.526659
39.212955
39.526659
39.212955
39.526659
39.526659
39.840362
39.526659
39.212955
39.212955
39.212955
39.212955
39.212955
39.526659
39.212955
39.212955
39.212955
45.173324
39.212955
38.899252
67.446283
39.526659
39.526659
39.212955
39.840362
39.526659
39.526659
39.526659
39.840362
50.192583
39.212955
39.212955
39.526659
39.212955
39.526659
39.212955
64.309247
39.212955
39.212955
39.526659
46.114435
39.212955
40.467770
39.212955
Srednia: 40.715596
