0.313704
0.313704
0.313704
0.313704
0.313704
0.313704
0.313704
0.313704
0.313704
0.313704
0.000000
0.313704
0.313704
0.313704
0.000000
0.000000
0.313704
0.313704
0.313704
0.313704
0.000000
0.313704
0.000000
0.313704
0.313704
0.313704
0.313704
0.000000
0.313704
0.313704
0.313704
0.313704
0.313704
0.000000
0.000000
0.313704
0.313704
0.313704
0.313704
0.313704
0.313704
0.313704
0.313704
0.000000
0.313704
0.313704
0.313704
0.000000
0.313704
13.175553
0.000000
0.313704
0.313704
0.313704
0.313704
0.313704
0.313704
0.313704
0.313704
0.313704
0.000000
0.000000
0.313704
0.313704
0.313704
0.313704
0.313704
0.313704
0.313704
0.313704
0.313704
0.313704
0.000000
0.313704
0.000000
0.313704
0.000000
0.000000
0.313704
0.000000
0.313704
0.313704
0.313704
0.000000
0.000000
0.313704
0.313704
0.313704
0.313704
0.000000
0.313704
0.313704
0.313704
0.313704
0.313704
0.313704
0.313704
0.313704
0.000000
0.313704
Srednia: 0.373307
