41.722584
57.094063
41.722584
41.408881
183.830334
41.408881
41.408881
41.095177
42.977399
42.036288
41.095177
41.722584
41.095177
41.408881
41.408881
41.408881
52.388508
41.408881
41.408881
41.095177
41.408881
41.408881
41.095177
41.095177
42.349992
41.408881
41.095177
41.095177
41.408881
41.722584
41.095177
41.408881
41.722584
41.095177
41.408881
41.408881
56.780359
41.408881
41.408881
41.408881
41.722584
42.349992
41.408881
41.408881
41.408881
41.095177
41.722584
41.408881
41.722584
41.722584
51.447397
41.722584
41.722584
41.408881
41.095177
41.408881
41.722584
41.408881
41.408881
41.408881
41.722584
41.408881
41.408881
41.408881
41.095177
41.722584
41.095177
41.408881
41.408881
41.408881
41.408881
60.858506
42.036288
41.722584
41.095177
41.408881
41.408881
41.408881
41.408881
41.408881
41.408881
41.408881
41.095177
41.408881
41.408881
41.408881
42.349992
41.095177
41.722584
42.349992
58.976285
41.408881
53.643323
41.408881
41.408881
41.722584
41.095177
42.036288
41.722584
183.516630
Srednia: 45.339587
