19.763329
20.077033
20.077033
20.077033
19.763329
20.077033
20.390737
20.390737
20.077033
21.018144
20.077033
19.763329
19.763329
20.077033
19.763329
396.521403
19.763329
20.390737
20.077033
31.056661
19.763329
20.077033
19.763329
20.077033
20.077033
20.077033
19.763329
20.077033
20.077033
20.077033
20.077033
166.576634
23.841477
19.763329
19.763329
19.763329
19.763329
20.704440
20.077033
19.763329
19.763329
20.077033
20.077033
19.763329
19.763329
20.077033
19.763329
19.763329
19.763329
20.077033
19.763329
20.077033
20.077033
19.763329
20.077033
20.390737
19.763329
20.077033
19.763329
20.077033
20.077033
19.763329
19.763329
20.077033
19.763329
20.077033
20.077033
20.077033
19.763329
19.763329
20.077033
19.763329
19.763329
20.390737
20.390737
19.763329
20.077033
20.077033
53.957026
20.077033
19.763329
19.763329
19.763329
19.763329
20.077033
20.077033
20.077033
20.077033
19.763329
20.077033
20.077033
19.763329
19.763329
20.077033
19.763329
74.975170
20.077033
19.763329
54.270730
21.018144
Srednia: 26.598932
