1.254815
1.254815
1.568518
2.509629
1.254815
1.254815
1.882222
1.254815
1.254815
1.254815
1.254815
2.195925
2.195925
1.254815
1.882222
1.568518
8.783702
1.254815
1.254815
1.254815
1.254815
1.254815
1.254815
1.254815
1.254815
1.254815
1.254815
1.568518
1.254815
1.254815
1.254815
1.254815
1.254815
1.882222
1.254815
1.254815
1.254815
1.254815
1.254815
1.254815
1.254815
1.254815
1.254815
1.254815
1.568518
1.254815
1.254815
1.254815
1.254815
1.254815
1.254815
1.254815
1.254815
1.882222
1.568518
3.137036
1.254815
3.137036
1.254815
1.254815
1.254815
1.254815
1.254815
1.254815
1.568518
1.254815
1.254815
1.568518
1.254815
1.568518
1.254815
1.254815
1.568518
1.254815
2.195925
1.254815
1.254815
1.254815
1.568518
1.254815
2.823333
1.254815
1.254815
1.254815
1.254815
1.882222
1.254815
1.254815
1.254815
1.568518
1.254815
1.254815
1.254815
1.254815
1.254815
1.254815
1.254815
1.254815
1.882222
1.254815
Srednia: 1.496366
