35.134808
34.821104
34.821104
32.625179
31.997771
31.370364
30.742957
51.447397
30.742957
33.879993
35.448512
38.271844
35.134808
32.625179
31.684068
30.742957
29.801846
35.762215
31.056661
46.428139
30.742957
35.134808
31.370364
37.017030
35.762215
35.134808
33.879993
35.448512
32.625179
36.389622
30.429253
41.408881
36.075919
37.017030
36.075919
49.251472
30.115550
33.879993
32.625179
31.370364
156.224414
32.625179
53.957026
32.625179
33.566290
31.997771
35.448512
31.370364
35.448512
34.193697
33.879993
33.252586
32.311475
34.507401
909.113154
38.585548
33.252586
32.938882
30.742957
31.370364
30.115550
32.625179
30.429253
30.429253
32.311475
31.056661
32.311475
30.742957
31.370364
32.938882
32.625179
31.684068
31.370364
760.417627
36.075919
32.311475
35.134808
31.370364
36.703326
31.056661
34.507401
32.625179
31.997771
37.958141
40.781473
171.282188
63.995543
33.879993
33.879993
35.762215
592.899883
36.075919
33.879993
30.429253
85.013687
71.838134
33.252586
31.997771
31.370364
35.762215
Srednia: 59.559773
