20.704440
21.018144
20.704440
21.018144
20.704440
23.214069
21.018144
21.018144
20.704440
20.704440
20.704440
21.018144
20.704440
21.018144
21.018144
21.018144
21.018144
21.018144
21.018144
21.331848
21.018144
21.018144
21.018144
20.704440
21.645551
21.018144
21.018144
20.704440
21.018144
21.018144
20.704440
21.018144
21.018144
33.252586
20.704440
20.704440
21.018144
21.018144
21.331848
21.018144
21.018144
21.018144
21.018144
21.018144
21.018144
20.704440
59.917396
21.018144
21.018144
21.018144
20.704440
21.331848
21.331848
20.704440
20.704440
21.018144
20.704440
21.018144
30.429253
21.018144
22.272959
20.704440
21.018144
21.018144
20.704440
21.018144
21.018144
20.704440
21.018144
20.704440
21.018144
20.704440
282.333277
20.704440
20.704440
21.018144
21.018144
21.018144
21.018144
20.704440
25.096291
21.018144
21.331848
254.727357
20.704440
21.018144
21.018144
22.586662
32.311475
21.018144
21.331848
21.018144
21.018144
50.192583
21.018144
21.018144
20.704440
21.018144
21.018144
21.018144
Srednia: 27.009884
