41.722584
41.722584
42.663695
41.722584
41.408881
42.036288
41.722584
42.349992
107.286645
41.722584
44.859621
41.722584
41.408881
41.722584
41.722584
41.408881
41.722584
41.722584
41.408881
41.722584
41.722584
42.349992
42.036288
41.408881
58.662581
44.859621
42.036288
41.408881
41.722584
42.036288
41.095177
41.722584
41.408881
41.408881
41.722584
41.722584
41.722584
41.408881
41.408881
41.408881
41.408881
41.722584
41.408881
41.408881
41.408881
41.408881
63.995543
41.408881
41.722584
41.722584
41.722584
98.816647
41.722584
41.722584
41.722584
41.408881
41.408881
42.349992
41.722584
42.663695
42.349992
41.722584
42.036288
41.408881
41.408881
42.036288
41.722584
41.722584
41.722584
41.722584
41.722584
41.722584
41.722584
41.722584
41.408881
41.722584
41.408881
41.722584
42.036288
45.800732
41.722584
41.408881
41.408881
41.408881
41.722584
41.095177
42.036288
41.095177
41.722584
42.036288
43.291103
41.722584
41.408881
42.036288
43.291103
42.036288
41.408881
41.722584
41.722584
41.408881
Srednia: 43.444817
