22.272959
22.586662
22.272959
22.272959
23.214069
22.586662
22.586662
22.586662
22.272959
23.214069
22.586662
22.272959
22.272959
22.272959
22.900366
22.586662
22.272959
22.272959
21.959255
22.586662
22.272959
22.272959
22.272959
22.272959
22.272959
22.272959
23.527773
22.272959
22.272959
22.272959
22.272959
22.272959
22.586662
22.900366
22.586662
22.586662
27.292217
22.272959
22.272959
22.586662
22.586662
22.586662
22.272959
22.272959
22.900366
23.214069
22.272959
22.272959
22.272959
22.272959
22.272959
22.272959
22.586662
22.586662
22.272959
22.900366
30.742957
22.586662
22.272959
22.900366
22.586662
22.900366
23.214069
22.272959
22.272959
22.586662
22.586662
22.272959
22.586662
22.272959
22.900366
22.586662
22.586662
22.586662
22.586662
22.586662
22.272959
22.272959
22.272959
22.586662
22.272959
22.272959
22.272959
22.586662
22.272959
22.272959
22.586662
22.272959
22.272959
23.527773
22.272959
22.272959
22.272959
22.272959
22.272959
22.272959
22.272959
22.272959
22.586662
43.918510
Srednia: 22.818803
