20.077033
19.449626
20.390737
19.449626
19.449626
19.449626
19.449626
20.077033
19.763329
19.763329
19.763329
19.449626
19.763329
19.763329
19.449626
19.449626
19.449626
19.449626
19.449626
19.763329
19.763329
19.449626
19.449626
19.763329
19.449626
19.135922
76.543689
19.449626
19.449626
19.449626
19.449626
19.449626
19.763329
40.467770
19.763329
19.449626
19.763329
19.135922
19.449626
19.449626
19.763329
58.662581
19.763329
19.763329
19.449626
19.763329
19.449626
19.763329
19.449626
19.135922
19.449626
29.801846
19.449626
19.763329
19.763329
19.449626
19.449626
19.449626
19.763329
19.449626
20.704440
19.449626
19.449626
19.449626
19.449626
19.449626
19.449626
19.763329
19.449626
19.763329
19.449626
19.763329
19.763329
19.449626
19.449626
19.449626
19.449626
26.664810
19.763329
19.763329
19.449626
19.449626
19.135922
19.449626
19.449626
19.449626
19.763329
19.763329
19.449626
19.763329
19.763329
19.135922
19.449626
19.763329
19.449626
19.449626
19.449626
19.449626
19.763329
19.763329
Srednia: 20.917759
