1.254815
1.254815
1.568518
1.254815
1.882222
1.568518
1.254815
1.254815
1.568518
1.254815
1.254815
1.254815
2.195925
1.254815
1.254815
1.254815
1.254815
1.254815
1.254815
1.568518
1.254815
1.254815
1.254815
1.254815
1.254815
1.254815
1.254815
1.254815
1.254815
1.254815
2.195925
1.254815
1.254815
1.254815
1.254815
1.254815
1.254815
1.254815
1.568518
1.254815
1.254815
1.254815
1.254815
1.254815
1.254815
1.254815
1.254815
1.254815
1.254815
1.254815
2.195925
1.254815
1.254815
1.254815
1.568518
1.254815
1.254815
1.254815
1.254815
3.450740
1.254815
1.254815
1.882222
1.254815
1.568518
1.254815
1.254815
1.254815
1.254815
1.254815
1.254815
1.254815
1.568518
1.254815
1.254815
1.254815
1.568518
1.568518
1.882222
1.882222
1.882222
1.254815
1.254815
1.254815
1.254815
1.254815
1.254815
1.254815
1.254815
1.254815
1.254815
1.254815
1.254815
1.254815
1.568518
1.254815
2.509629
1.254815
1.254815
1.254815
Srednia: 1.383433
