3.450740
3.137036
3.450740
2.823333
3.450740
2.823333
3.137036
3.137036
4.391851
2.509629
3.450740
2.823333
3.137036
3.137036
3.137036
2.823333
3.137036
2.823333
3.137036
3.137036
4.078147
2.823333
3.137036
2.823333
3.137036
2.823333
3.450740
2.509629
3.450740
2.823333
3.137036
2.823333
3.450740
2.823333
3.137036
2.823333
3.450740
2.823333
3.450740
3.137036
2.823333
3.450740
2.823333
3.450740
2.823333
3.450740
2.509629
3.137036
3.137036
2.509629
3.450740
2.823333
2.509629
3.450740
2.823333
3.137036
3.764444
2.823333
3.137036
2.823333
3.764444
2.509629
2.823333
3.450740
2.509629
2.823333
3.764444
2.823333
3.764444
2.509629
3.137036
2.823333
3.137036
2.509629
3.450740
2.823333
3.450740
2.509629
3.450740
2.823333
3.450740
3.137036
3.137036
2.823333
3.137036
2.823333
3.450740
2.823333
3.764444
2.823333
3.137036
2.823333
3.137036
3.137036
3.450740
2.509629
3.137036
2.823333
3.137036
2.823333
Srednia: 3.083707
