39.212955
77.798503
39.212955
39.526659
39.212955
39.212955
39.212955
39.212955
39.212955
39.526659
40.154066
39.212955
39.526659
39.212955
40.154066
40.154066
40.154066
39.212955
39.212955
39.526659
39.526659
39.212955
39.526659
39.526659
39.840362
39.212955
42.977399
39.212955
39.212955
40.154066
39.212955
39.840362
39.840362
39.526659
39.212955
39.526659
39.212955
39.212955
39.840362
39.212955
39.526659
128.932197
39.212955
39.840362
41.095177
40.154066
39.212955
42.036288
39.840362
39.212955
40.154066
39.526659
47.996657
39.526659
39.212955
39.526659
39.212955
39.212955
39.526659
39.212955
39.212955
39.526659
39.526659
39.212955
39.212955
39.212955
39.840362
39.212955
39.526659
39.526659
39.526659
39.840362
39.212955
40.154066
39.212955
39.526659
39.212955
39.526659
39.212955
39.526659
39.526659
39.212955
39.212955
39.212955
39.212955
39.526659
40.154066
39.526659
39.212955
79.053318
39.212955
39.526659
39.212955
39.212955
44.232213
39.840362
39.526659
39.212955
39.212955
39.526659
Srednia: 41.346140
