1.568518
1.254815
1.254815
1.254815
1.254815
1.254815
1.568518
3.137036
1.568518
1.254815
1.568518
1.568518
1.254815
1.254815
1.254815
1.254815
1.254815
1.254815
1.254815
1.254815
1.254815
1.254815
1.254815
1.254815
1.254815
1.254815
1.254815
1.254815
1.254815
1.254815
1.254815
2.823333
1.254815
1.254815
1.254815
1.254815
1.254815
1.254815
1.254815
1.254815
1.254815
1.254815
1.254815
1.254815
1.254815
1.254815
1.568518
1.254815
1.882222
1.254815
1.254815
1.568518
1.254815
2.509629
1.254815
1.254815
1.254815
1.882222
1.254815
1.254815
1.254815
1.254815
1.254815
1.254815
1.254815
1.254815
1.254815
1.254815
1.254815
1.254815
1.568518
1.254815
1.254815
1.254815
1.254815
1.254815
1.254815
1.254815
1.254815
1.254815
1.254815
1.254815
1.254815
1.254815
1.254815
1.254815
1.568518
1.254815
1.254815
1.254815
1.254815
1.254815
1.568518
1.254815
1.254815
1.254815
1.254815
1.254815
1.254815
1.254815
Srednia: 1.345789
