43.918510
44.232213
43.604806
56.152952
43.604806
43.918510
43.291103
44.232213
43.604806
75.602578
43.604806
43.604806
43.604806
43.604806
43.918510
43.291103
43.604806
43.918510
44.545917
43.918510
43.604806
43.291103
43.604806
43.604806
44.859621
43.604806
43.291103
43.604806
44.859621
43.291103
43.604806
43.604806
44.232213
57.407766
43.918510
43.291103
43.291103
43.291103
45.487028
43.291103
43.918510
49.565175
43.604806
43.604806
52.388508
43.604806
43.604806
43.291103
43.291103
44.545917
43.291103
43.604806
198.260702
43.291103
43.604806
43.604806
60.231099
43.604806
43.918510
44.232213
44.232213
43.918510
43.291103
43.604806
43.918510
43.604806
43.604806
43.604806
43.291103
43.291103
43.918510
43.604806
43.291103
43.604806
43.604806
53.643323
43.604806
43.604806
43.604806
43.604806
43.918510
43.604806
43.604806
43.604806
53.643323
43.604806
43.604806
43.604806
44.545917
43.291103
43.918510
43.604806
43.291103
43.918510
43.604806
44.232213
43.604806
43.604806
43.604806
53.643323
Srednia: 46.443824
