0.941111
0.313704
0.313704
0.000000
0.000000
0.000000
0.000000
0.000000
0.000000
0.000000
0.000000
0.313704
0.313704
0.000000
0.000000
0.000000
0.000000
0.313704
0.313704
0.000000
0.000000
0.313704
0.313704
0.313704
0.000000
0.313704
0.000000
0.000000
0.000000
0.000000
0.313704
0.000000
0.000000
0.000000
0.000000
0.000000
0.313704
0.000000
0.000000
0.313704
0.000000
0.000000
0.000000
0.000000
0.313704
0.313704
0.313704
0.000000
0.000000
0.000000
0.313704
0.000000
0.000000
0.313704
0.313704
0.313704
0.313704
0.313704
0.313704
0.000000
0.313704
0.313704
0.000000
0.313704
0.313704
0.313704
0.313704
0.000000
0.000000
0.313704
0.313704
0.000000
0.313704
0.000000
0.313704
0.313704
0.000000
0.313704
0.000000
0.000000
0.000000
0.000000
0.313704
0.313704
0.313704
0.000000
0.313704
0.313704
0.313704
0.000000
0.000000
0.313704
0.313704
0.000000
0.313704
0.313704
0.313704
0.000000
0.000000
0.000000
Srednia: 0.153715
