0.627407
0.313704
0.313704
0.313704
0.313704
0.313704
0.000000
0.000000
0.313704
0.000000
0.000000
0.313704
0.000000
0.313704
0.000000
0.000000
0.313704
0.313704
0.313704
0.000000
0.313704
0.313704
0.313704
0.313704
0.000000
0.000000
0.000000
0.313704
0.313704
0.313704
0.313704
0.000000
0.000000
0.000000
0.000000
0.000000
0.000000
0.000000
0.313704
0.000000
0.313704
0.000000
0.313704
0.313704
0.000000
0.313704
0.313704
0.313704
0.000000
0.000000
0.313704
0.000000
0.313704
0.000000
0.000000
0.000000
0.000000
0.313704
0.000000
0.313704
31.684068
0.000000
0.313704
0.313704
0.313704
0.000000
0.000000
0.313704
0.313704
0.000000
0.000000
0.000000
0.313704
0.000000
0.000000
0.000000
0.313704
0.627407
0.313704
0.000000
0.000000
0.000000
0.313704
0.000000
0.313704
0.000000
0.000000
0.313704
0.313704
0.313704
0.000000
0.000000
0.000000
0.313704
0.000000
0.313704
0.000000
0.313704
0.000000
0.000000
Srednia: 0.473692
