40.781473
39.212955
40.154066
215.200698
39.212955
39.212955
39.212955
39.212955
39.212955
39.212955
39.212955
40.467770
38.899252
39.212955
39.526659
39.212955
39.526659
39.212955
39.212955
39.526659
39.212955
39.526659
39.212955
39.840362
46.114435
39.526659
39.212955
39.212955
39.212955
39.212955
39.212955
39.212955
40.467770
39.212955
176.928854
39.212955
39.212955
39.212955
38.899252
39.212955
39.212955
39.212955
39.212955
39.212955
40.154066
39.212955
38.899252
170.027374
39.526659
40.781473
39.212955
39.212955
39.212955
39.212955
39.840362
39.212955
39.526659
99.130351
39.212955
39.840362
39.212955
38.899252
39.526659
39.212955
57.094063
39.526659
39.526659
39.840362
40.154066
39.840362
39.212955
39.212955
38.899252
43.918510
39.212955
39.212955
39.212955
39.212955
39.840362
39.526659
39.840362
39.840362
39.840362
39.212955
38.899252
39.212955
719.949858
38.899252
39.212955
39.212955
39.840362
39.212955
40.154066
38.899252
39.840362
39.840362
39.526659
141.166639
39.212955
39.526659
Srednia: 52.564182
