2.823333
2.509629
2.823333
2.509629
2.823333
2.509629
2.509629
2.509629
2.509629
2.509629
2.195925
2.823333
2.195925
3.137036
2.509629
2.509629
2.823333
2.823333
3.450740
2.823333
2.509629
2.509629
2.509629
2.509629
2.509629
2.509629
2.509629
2.823333
2.823333
2.823333
2.509629
2.509629
2.823333
6.274073
2.509629
3.137036
14.744071
2.195925
2.509629
2.509629
2.509629
2.823333
2.823333
2.509629
2.509629
3.764444
2.509629
2.823333
2.509629
2.509629
2.509629
4.078147
2.509629
2.509629
2.509629
2.195925
2.509629
2.509629
2.509629
2.823333
2.509629
2.509629
2.823333
2.509629
2.509629
2.509629
2.195925
2.195925
2.509629
2.509629
2.509629
2.509629
2.509629
2.509629
2.509629
2.195925
2.509629
2.823333
2.509629
2.509629
2.509629
2.509629
2.823333
3.450740
2.823333
2.509629
2.509629
2.509629
2.823333
2.823333
2.509629
2.823333
2.823333
2.823333
2.823333
2.823333
2.509629
2.509629
2.509629
2.509629
Srednia: 2.788825
