22.586662
22.586662
22.586662
29.174439
22.272959
22.272959
23.841477
22.586662
22.272959
22.900366
22.272959
22.272959
22.272959
22.900366
22.586662
22.586662
22.586662
22.272959
22.586662
201.084034
22.272959
22.272959
22.586662
22.586662
22.586662
22.586662
22.272959
22.272959
22.272959
22.586662
22.586662
22.272959
22.586662
22.272959
22.586662
22.272959
37.017030
22.272959
22.586662
22.586662
22.272959
22.272959
22.586662
22.272959
22.586662
22.586662
22.272959
22.272959
24.155180
22.272959
22.586662
22.586662
22.586662
22.272959
25.096291
22.272959
22.586662
22.272959
22.586662
22.586662
22.586662
22.272959
22.272959
22.586662
22.586662
22.586662
22.586662
22.272959
36.075919
22.586662
22.586662
22.272959
22.272959
22.272959
22.272959
22.272959
22.272959
22.272959
31.997771
22.272959
22.272959
22.272959
22.586662
22.272959
22.900366
22.586662
22.272959
22.272959
22.272959
22.272959
22.586662
22.272959
22.272959
22.272959
22.586662
22.586662
22.272959
22.272959
22.272959
22.272959
Srednia: 24.716710
