19.763329
19.763329
20.077033
20.077033
19.763329
20.077033
20.077033
20.077033
19.763329
20.077033
20.077033
20.390737
20.077033
19.763329
20.077033
20.077033
19.763329
20.077033
19.763329
19.763329
19.763329
20.077033
19.763329
20.077033
19.763329
20.077033
20.077033
20.077033
20.390737
20.077033
19.763329
24.468884
20.077033
19.763329
20.704440
21.959255
20.077033
19.763329
19.763329
20.077033
19.763329
218.024031
19.763329
20.077033
20.077033
19.763329
20.077033
19.763329
92.228871
20.077033
20.077033
19.763329
20.077033
19.763329
20.077033
20.077033
20.077033
19.763329
19.763329
19.763329
19.763329
19.763329
19.763329
19.763329
19.763329
19.763329
20.077033
19.763329
19.763329
19.763329
19.763329
19.763329
19.763329
20.077033
19.763329
19.763329
25.409995
19.449626
20.077033
19.763329
20.077033
20.390737
20.077033
19.763329
19.763329
21.018144
19.763329
20.077033
19.763329
20.077033
19.763329
20.077033
20.704440
19.763329
19.763329
20.077033
19.763329
20.390737
20.077033
19.763329
Srednia: 22.771747
