41.408881
41.408881
41.095177
41.722584
41.095177
41.095177
41.408881
41.408881
41.408881
41.095177
42.036288
69.014801
41.722584
41.722584
41.095177
41.408881
41.408881
41.408881
42.349992
41.408881
41.408881
41.095177
41.095177
41.408881
41.408881
41.408881
41.095177
41.408881
41.408881
41.408881
41.408881
48.310361
41.722584
41.408881
41.722584
41.408881
41.408881
41.095177
41.408881
41.408881
128.304789
41.408881
41.408881
41.095177
104.149609
41.408881
41.408881
41.722584
41.408881
41.408881
41.408881
41.408881
41.408881
44.545917
41.095177
48.310361
41.408881
372.993630
41.408881
41.408881
41.722584
41.408881
41.408881
43.918510
41.408881
41.722584
41.722584
41.408881
45.173324
41.408881
41.408881
44.232213
42.349992
50.819990
57.721470
41.722584
41.722584
41.722584
41.408881
41.408881
41.408881
41.722584
41.408881
41.095177
41.408881
41.095177
41.408881
52.074805
41.408881
42.036288
41.408881
92.228871
41.408881
41.408881
41.408881
41.408881
41.095177
41.408881
41.408881
42.036288
Srednia: 47.664131
