19.763329
19.763329
19.763329
19.763329
20.077033
19.763329
19.763329
20.077033
20.077033
19.763329
19.763329
20.077033
20.077033
19.763329
19.763329
29.174439
19.763329
19.763329
19.763329
19.763329
20.077033
19.763329
20.077033
19.763329
19.763329
20.077033
19.763329
19.763329
19.763329
19.763329
19.763329
19.763329
19.763329
20.077033
19.763329
19.763329
19.763329
19.763329
19.763329
19.763329
19.763329
19.449626
19.763329
19.763329
25.723699
19.763329
20.077033
19.763329
20.077033
20.077033
20.077033
19.763329
19.763329
20.077033
19.449626
20.077033
19.763329
19.763329
19.763329
20.077033
19.763329
19.763329
19.763329
20.077033
19.763329
19.763329
19.763329
19.449626
19.763329
20.390737
19.763329
19.763329
19.763329
22.272959
19.763329
19.763329
19.449626
19.763329
20.077033
19.763329
19.763329
19.763329
21.331848
19.763329
20.390737
19.763329
19.763329
19.763329
20.390737
19.763329
19.763329
20.077033
19.763329
19.763329
19.449626
19.763329
19.763329
19.763329
20.077033
19.763329
Srednia: 20.023703
