38.585548
38.585548
38.585548
38.585548
38.585548
38.585548
38.585548
38.899252
38.585548
38.899252
38.899252
38.585548
38.271844
38.585548
38.585548
38.585548
38.899252
67.132579
38.585548
38.585548
38.271844
38.585548
38.585548
38.899252
38.585548
38.585548
38.585548
38.585548
38.585548
38.899252
38.899252
38.585548
38.585548
38.585548
38.899252
38.585548
38.585548
38.585548
1028.006834
38.899252
38.585548
38.585548
38.899252
47.682954
38.271844
38.271844
38.271844
38.585548
38.271844
40.154066
38.585548
38.585548
38.899252
38.585548
46.741843
38.585548
38.585548
38.271844
38.585548
38.585548
38.585548
116.384051
38.899252
38.899252
42.977399
38.585548
38.585548
38.271844
38.585548
39.212955
38.585548
38.585548
39.212955
141.166639
38.585548
39.212955
38.585548
38.585548
38.899252
38.271844
38.585548
38.585548
39.526659
38.585548
54.270730
38.585548
38.585548
38.585548
38.271844
45.800732
41.095177
38.585548
38.585548
38.585548
38.585548
38.585548
38.585548
38.585548
38.585548
38.585548
Srednia: 51.096049
