15.685182
14.430368
15.057775
15.057775
15.371478
14.744071
15.057775
15.057775
15.057775
14.744071
14.744071
14.744071
14.744071
15.057775
14.744071
14.744071
15.057775
15.057775
14.744071
15.057775
15.057775
14.744071
15.371478
15.371478
14.744071
15.057775
15.371478
16.939997
14.744071
14.744071
15.057775
14.744071
15.057775
15.371478
15.998886
15.057775
14.744071
15.057775
14.744071
15.057775
15.057775
14.744071
15.371478
15.057775
14.744071
15.057775
15.057775
15.057775
15.371478
14.744071
15.685182
14.744071
14.744071
16.312589
14.744071
14.430368
14.744071
14.744071
14.744071
15.057775
14.744071
53.329619
14.744071
48.624064
15.057775
14.430368
15.371478
14.744071
15.057775
14.744071
14.744071
15.057775
14.744071
14.744071
14.744071
16.626293
15.057775
14.744071
14.744071
18.194811
15.057775
14.744071
14.744071
14.744071
21.959255
14.744071
16.312589
15.371478
15.057775
15.057775
15.371478
15.371478
16.626293
15.057775
15.685182
15.057775
14.744071
15.057775
15.057775
15.057775
Srednia: 15.873404
