19.449626
20.077033
19.763329
19.763329
19.135922
19.449626
19.449626
19.449626
19.449626
19.449626
19.449626
19.135922
19.449626
19.449626
19.449626
19.449626
20.077033
19.449626
19.763329
19.763329
19.449626
19.763329
19.449626
19.449626
19.763329
19.763329
19.449626
19.449626
19.763329
19.449626
19.449626
19.449626
22.586662
19.449626
19.449626
19.449626
19.449626
19.763329
19.449626
19.449626
19.449626
150.264044
19.449626
19.449626
19.449626
19.449626
19.449626
19.449626
19.449626
19.763329
19.763329
20.077033
19.449626
19.449626
19.449626
19.449626
19.449626
19.763329
19.449626
19.449626
19.449626
19.449626
19.449626
19.449626
19.763329
31.056661
19.763329
19.449626
19.763329
19.449626
19.763329
19.449626
19.449626
19.763329
19.763329
19.763329
19.763329
19.449626
19.449626
19.449626
19.449626
19.449626
19.449626
19.449626
19.763329
19.449626
19.449626
19.763329
19.449626
19.449626
19.763329
19.449626
19.449626
19.449626
19.449626
19.449626
19.449626
19.449626
19.449626
19.449626
Srednia: 20.989911
