2.509629
2.195925
2.195925
2.195925
2.195925
2.195925
2.509629
2.195925
2.195925
2.509629
2.195925
2.509629
2.195925
2.195925
2.195925
2.195925
2.195925
2.195925
2.195925
2.195925
2.195925
2.195925
2.195925
2.195925
2.195925
2.195925
2.195925
10.352220
2.195925
2.195925
2.195925
2.195925
2.195925
2.509629
2.195925
2.195925
2.509629
2.509629
2.509629
2.509629
2.195925
2.195925
2.195925
2.195925
2.195925
2.195925
2.195925
2.195925
2.195925
2.509629
2.195925
2.195925
2.195925
2.195925
2.195925
2.195925
2.195925
2.195925
2.195925
2.195925
2.195925
2.509629
2.195925
2.195925
2.195925
2.195925
2.195925
2.195925
2.195925
2.195925
2.195925
2.195925
2.195925
2.195925
2.195925
2.195925
2.509629
2.195925
2.195925
2.195925
2.195925
2.195925
2.195925
2.195925
2.195925
2.195925
2.195925
2.195925
2.195925
2.195925
2.195925
2.195925
2.195925
2.195925
2.195925
2.195925
2.195925
2.509629
2.195925
2.195925
Srednia: 2.318270
