40.154066
47.369250
34.507401
35.134808
33.566290
30.429253
38.899252
30.742957
33.879993
31.056661
32.625179
32.625179
32.311475
33.252586
41.095177
34.193697
40.154066
31.997771
46.428139
32.625179
31.370364
31.684068
30.115550
35.448512
47.996657
35.134808
33.566290
61.172210
32.311475
34.193697
30.429253
38.899252
29.801846
33.879993
56.780359
60.231099
30.742957
30.742957
35.448512
47.055546
30.115550
32.625179
41.095177
31.056661
30.115550
29.801846
29.801846
30.115550
30.742957
49.251472
32.311475
31.684068
30.742957
33.566290
84.699983
44.232213
37.017030
36.389622
30.742957
32.311475
30.115550
31.370364
30.742957
30.742957
31.056661
31.370364
35.134808
30.742957
30.115550
31.997771
30.115550
34.193697
30.742957
99.130351
34.821104
38.271844
40.781473
32.938882
56.780359
32.311475
34.507401
34.821104
37.330733
48.624064
30.429253
35.762215
37.958141
55.839248
30.429253
34.821104
30.115550
30.115550
31.684068
30.742957
31.997771
39.212955
36.703326
31.370364
31.997771
30.742957
Srednia: 36.571571
