19.763329
19.763329
19.763329
19.763329
19.763329
19.763329
21.018144
23.841477
20.077033
20.077033
19.763329
20.077033
19.763329
19.763329
19.763329
19.763329
19.763329
19.763329
20.077033
19.763329
20.077033
20.704440
19.449626
20.077033
20.077033
19.763329
19.763329
19.763329
20.077033
28.547031
19.763329
19.763329
19.763329
19.763329
19.763329
20.077033
19.449626
32.311475
19.763329
19.763329
19.763329
20.077033
20.077033
19.763329
19.763329
19.763329
19.763329
19.763329
19.449626
19.763329
19.763329
19.763329
19.763329
19.763329
21.018144
19.763329
19.763329
19.763329
20.077033
19.763329
19.763329
19.763329
19.763329
20.077033
20.077033
19.763329
19.763329
20.077033
20.077033
19.763329
19.763329
19.763329
19.763329
19.763329
19.763329
20.077033
19.763329
19.763329
19.763329
20.077033
19.763329
19.763329
19.763329
19.449626
19.763329
19.763329
20.077033
19.449626
19.763329
20.077033
19.763329
19.763329
20.077033
19.763329
19.763329
20.077033
20.077033
19.763329
34.193697
19.763329
Srednia: 20.252707
