39.212955
39.212955
39.212955
38.899252
38.899252
38.585548
39.840362
41.095177
38.899252
38.899252
59.289988
38.899252
38.585548
39.526659
40.154066
38.585548
38.585548
84.072576
38.585548
38.585548
38.585548
39.840362
39.526659
38.585548
38.585548
38.585548
39.212955
38.585548
40.154066
39.840362
39.526659
39.526659
38.899252
39.526659
39.840362
39.840362
38.899252
39.526659
38.585548
53.643323
38.585548
43.918510
38.899252
38.899252
39.526659
39.526659
39.212955
39.212955
39.212955
40.467770
39.526659
48.937768
39.840362
39.840362
38.899252
39.212955
39.526659
39.526659
39.212955
38.585548
38.585548
38.899252
39.526659
56.152952
38.585548
38.899252
40.154066
39.526659
39.212955
39.212955
38.585548
41.095177
38.899252
38.899252
39.840362
39.840362
39.840362
39.526659
38.585548
38.585548
39.526659
39.212955
39.840362
38.899252
38.899252
39.840362
40.154066
41.722584
40.154066
39.840362
40.154066
41.408881
40.467770
40.781473
69.014801
39.840362
38.899252
39.212955
40.154066
38.585548
Srednia: 40.765788
