35.762215
33.252586
36.703326
30.742957
32.938882
30.429253
30.429253
31.684068
29.801846
35.448512
31.684068
30.115550
94.111092
34.507401
40.467770
32.625179
31.056661
37.958141
34.193697
121.089606
32.311475
38.585548
46.428139
37.017030
30.742957
35.762215
30.429253
36.703326
31.684068
35.134808
34.193697
33.252586
45.487028
34.507401
33.879993
44.859621
37.017030
32.938882
31.684068
32.311475
42.036288
33.252586
31.370364
31.997771
33.252586
31.997771
29.801846
31.684068
31.056661
32.311475
90.032945
37.644437
54.898137
34.507401
36.389622
44.545917
30.429253
29.801846
125.795160
31.056661
30.115550
30.429253
32.311475
85.327391
34.193697
29.488142
31.370364
42.977399
33.252586
30.742957
33.566290
40.154066
36.075919
39.526659
36.389622
39.212955
37.644437
31.684068
33.252586
34.821104
34.507401
34.193697
36.075919
35.448512
31.370364
30.742957
32.938882
30.429253
32.625179
39.526659
33.252586
34.507401
32.625179
34.821104
32.311475
31.997771
35.448512
43.604806
33.879993
30.429253
Srednia: 37.970689
