21.331848
21.331848
21.018144
21.331848
21.018144
21.018144
21.018144
21.018144
21.018144
20.704440
21.018144
21.018144
21.018144
21.018144
20.704440
21.018144
20.704440
21.018144
21.331848
21.018144
21.331848
21.018144
21.018144
20.704440
21.018144
21.331848
25.409995
21.018144
21.331848
21.018144
21.018144
26.037402
21.018144
21.331848
21.018144
21.018144
21.018144
20.704440
21.018144
23.214069
161.871079
20.704440
21.018144
21.331848
21.018144
21.018144
21.018144
21.018144
21.018144
21.018144
21.018144
21.018144
20.704440
20.704440
20.704440
21.018144
21.018144
21.645551
21.331848
21.018144
21.018144
21.018144
21.018144
21.018144
21.018144
20.704440
20.704440
21.018144
21.331848
21.331848
31.684068
21.018144
21.018144
21.018144
21.018144
229.944769
21.331848
20.704440
21.018144
21.018144
21.018144
21.018144
21.018144
21.018144
21.331848
21.018144
21.331848
21.018144
21.331848
21.018144
21.018144
21.018144
22.272959
21.331848
21.018144
21.331848
21.018144
21.018144
21.018144
21.645551
Srednia: 24.782588
