0.313704
0.627407
0.313704
0.313704
0.313704
0.000000
0.627407
0.313704
0.313704
0.627407
0.313704
0.941111
0.313704
0.313704
0.627407
0.941111
0.313704
0.313704
0.627407
0.627407
0.627407
0.313704
0.627407
0.313704
0.941111
0.627407
0.313704
0.627407
0.627407
0.941111
0.627407
0.627407
0.941111
0.627407
0.941111
0.941111
0.627407
0.313704
0.941111
0.941111
0.941111
0.627407
0.313704
0.627407
0.627407
0.313704
0.313704
0.627407
0.627407
0.313704
0.941111
0.313704
0.627407
0.627407
0.627407
0.000000
0.941111
0.313704
0.627407
0.627407
0.313704
0.941111
0.313704
0.627407
0.627407
0.627407
0.313704
0.627407
0.941111
0.313704
0.313704
0.627407
0.313704
0.941111
0.941111
0.313704
0.313704
0.627407
0.941111
0.313704
0.313704
0.627407
0.313704
0.627407
0.313704
0.313704
0.627407
0.313704
0.313704
0.313704
0.313704
0.313704
0.313704
0.313704
0.627407
0.627407
0.627407
0.627407
0.941111
0.627407
Srednia: 0.542707
