41.408881
41.408881
41.722584
41.722584
41.095177
42.036288
41.095177
41.408881
52.074805
41.722584
42.036288
41.408881
41.722584
41.095177
53.957026
41.408881
41.408881
117.638866
41.408881
41.408881
41.408881
41.095177
41.095177
41.722584
41.722584
41.408881
41.095177
41.408881
41.095177
42.663695
41.408881
41.408881
42.036288
41.095177
41.408881
43.291103
61.172210
41.408881
41.408881
42.663695
41.408881
41.408881
41.408881
41.408881
41.408881
41.408881
41.095177
41.722584
41.408881
41.095177
41.408881
41.095177
41.408881
41.408881
41.408881
41.408881
41.095177
41.408881
41.095177
41.095177
41.408881
41.095177
42.036288
41.408881
41.408881
41.408881
41.408881
41.095177
41.408881
42.036288
41.408881
41.095177
42.036288
41.095177
41.408881
41.408881
41.722584
41.095177
41.722584
41.408881
41.408881
41.408881
42.349992
41.408881
41.722584
41.408881
41.095177
41.408881
41.408881
41.095177
41.095177
41.408881
41.408881
41.408881
41.095177
41.722584
41.408881
41.408881
41.095177
223.043289
Srednia: 44.467491
