15.371478
15.371478
15.685182
14.744071
15.371478
14.744071
14.744071
14.744071
15.057775
14.744071
14.744071
14.744071
14.744071
15.057775
14.744071
14.744071
15.371478
15.057775
15.057775
16.312589
15.057775
14.744071
14.744071
15.057775
14.744071
195.751072
15.057775
14.744071
15.057775
15.057775
15.057775
15.057775
15.057775
15.685182
14.744071
14.744071
14.744071
14.430368
15.057775
14.744071
14.744071
15.371478
14.744071
15.057775
15.371478
14.744071
14.744071
15.057775
15.057775
14.744071
14.430368
15.057775
15.057775
15.685182
15.371478
14.744071
14.744071
14.744071
15.057775
14.744071
14.744071
14.744071
14.744071
31.684068
14.744071
14.430368
15.057775
14.744071
15.057775
14.744071
14.744071
14.744071
15.371478
14.744071
14.744071
14.744071
14.744071
15.057775
14.744071
15.057775
15.371478
14.430368
14.430368
14.744071
14.744071
15.998886
14.744071
15.371478
15.998886
15.057775
15.057775
14.744071
14.744071
14.744071
14.744071
15.998886
15.371478
14.744071
15.685182
14.744071
Srednia: 16.946271
