44.232213
43.918510
478.084350
52.702212
46.428139
44.232213
44.545917
44.232213
44.232213
43.918510
44.232213
44.545917
44.232213
45.487028
330.329935
44.232213
44.232213
43.918510
65.877765
43.918510
44.232213
44.545917
58.035174
44.545917
43.918510
44.859621
44.232213
43.918510
43.918510
43.918510
46.114435
44.232213
44.545917
44.859621
44.232213
44.232213
43.918510
44.859621
44.232213
44.232213
43.918510
49.565175
43.918510
43.918510
45.173324
44.232213
43.918510
43.918510
53.015915
50.506286
44.232213
43.918510
44.232213
44.545917
43.918510
44.859621
44.232213
44.232213
43.918510
53.015915
43.918510
44.232213
48.937768
44.232213
43.918510
44.232213
43.918510
44.232213
44.232213
43.918510
43.918510
44.545917
58.976285
44.232213
58.348877
44.545917
46.114435
46.428139
43.918510
43.918510
43.918510
44.232213
43.918510
43.918510
44.859621
43.918510
44.232213
43.918510
43.918510
44.545917
44.232213
43.918510
43.918510
44.545917
43.918510
43.918510
528.276933
44.232213
120.462198
85.013687
Srednia: 58.568470
