40.781473
50.192583
40.154066
39.526659
39.840362
38.271844
38.899252
38.585548
39.840362
38.899252
39.212955
38.899252
38.899252
38.899252
39.212955
40.467770
38.899252
39.212955
40.467770
39.212955
39.212955
39.840362
38.585548
38.585548
39.526659
42.036288
40.154066
38.585548
38.899252
38.899252
38.899252
39.212955
41.095177
43.291103
39.840362
38.899252
38.899252
40.154066
38.899252
38.585548
39.526659
42.977399
39.212955
40.467770
39.840362
38.899252
39.212955
39.840362
38.899252
39.840362
40.781473
57.094063
39.212955
39.212955
39.526659
39.840362
38.899252
39.840362
39.526659
38.899252
39.526659
38.585548
38.585548
38.899252
39.526659
46.741843
39.526659
38.899252
41.408881
40.154066
40.154066
39.212955
39.526659
38.899252
44.859621
39.840362
39.526659
40.154066
39.840362
38.899252
38.899252
48.624064
39.840362
39.840362
39.840362
38.899252
38.899252
38.585548
38.899252
39.212955
39.840362
44.545917
39.526659
114.188126
40.781473
41.408881
40.467770
40.154066
40.467770
38.899252
Srednia: 40.866173
