9.097406
2.509629
2.509629
2.823333
2.509629
2.509629
2.509629
2.195925
2.509629
2.823333
3.137036
2.509629
2.509629
2.823333
2.509629
2.509629
2.509629
2.823333
2.509629
2.823333
2.509629
2.509629
2.509629
2.823333
2.509629
2.509629
2.509629
6.901480
2.509629
2.195925
2.509629
2.195925
3.764444
2.509629
2.509629
2.195925
2.195925
2.195925
2.509629
2.509629
2.823333
2.195925
2.509629
2.509629
2.509629
2.509629
2.509629
2.509629
2.509629
2.509629
2.509629
2.509629
2.195925
2.195925
2.509629
2.195925
2.509629
2.509629
2.509629
2.509629
2.195925
2.509629
2.195925
3.450740
2.823333
2.195925
3.137036
3.764444
2.509629
2.195925
2.509629
2.509629
2.509629
2.195925
2.509629
3.764444
2.195925
2.509629
2.509629
2.509629
2.195925
2.823333
2.509629
2.509629
2.509629
2.509629
468.673241
2.195925
2.509629
2.509629
2.195925
4.078147
2.823333
2.509629
2.509629
2.195925
2.195925
2.509629
2.195925
2.509629
Srednia: 7.318706
