1.568518
1.254815
1.882222
1.254815
1.254815
1.254815
1.254815
1.254815
1.254815
1.568518
1.254815
1.254815
0.941111
1.254815
1.254815
1.254815
1.254815
1.254815
1.254815
1.254815
1.254815
1.254815
1.254815
1.254815
1.568518
1.254815
1.254815
1.254815
1.254815
1.568518
1.254815
1.254815
1.254815
1.254815
1.254815
1.254815
1.254815
1.254815
1.254815
1.254815
1.254815
1.254815
1.254815
1.254815
1.568518
1.254815
1.254815
1.254815
1.254815
1.254815
1.254815
1.254815
1.254815
1.254815
1.254815
1.254815
1.254815
1.254815
1.254815
1.254815
1.254815
1.254815
1.254815
1.254815
1.568518
1.254815
1.254815
1.254815
1.254815
1.254815
1.254815
1.254815
1.254815
1.254815
1.254815
1.254815
1.254815
1.254815
1.254815
1.254815
1.254815
62.740728
1.254815
1.254815
0.941111
1.254815
1.254815
1.254815
1.254815
1.254815
1.254815
1.254815
1.254815
1.254815
1.254815
1.254815
1.254815
1.254815
1.254815
1.254815
Srednia: 1.888496
