31.056661
31.997771
31.684068
31.370364
30.742957
36.075919
31.684068
32.311475
31.684068
31.370364
31.684068
33.879993
31.684068
31.684068
31.684068
31.684068
31.056661
30.429253
30.742957
31.684068
37.644437
32.311475
30.742957
31.684068
32.311475
55.211841
31.684068
31.684068
31.684068
32.625179
31.056661
39.526659
31.684068
37.330733
30.742957
31.370364
31.056661
31.997771
30.429253
30.742957
30.742957
33.566290
30.742957
37.330733
30.429253
30.429253
31.684068
31.056661
30.742957
32.311475
30.742957
31.684068
34.193697
32.311475
31.056661
31.684068
31.056661
32.311475
30.742957
30.429253
30.429253
31.056661
31.684068
31.684068
32.311475
31.370364
30.742957
30.742957
33.879993
31.056661
31.684068
31.997771
30.429253
31.370364
30.742957
31.997771
31.370364
30.115550
31.997771
32.938882
31.056661
31.684068
34.507401
33.252586
30.742957
31.997771
33.252586
31.684068
31.684068
31.370364
30.742957
30.742957
30.742957
33.252586
31.370364
30.742957
30.742957
31.684068
30.429253
33.252586
Srednia: 32.095020
