43.291103
43.604806
135.519973
43.604806
43.604806
45.487028
158.734043
43.604806
43.918510
43.291103
43.291103
44.232213
43.291103
43.604806
43.918510
43.604806
43.604806
43.604806
95.052203
43.604806
43.604806
43.918510
44.545917
44.859621
43.604806
43.291103
51.133694
43.918510
43.291103
45.487028
43.291103
43.291103
84.699983
43.604806
43.291103
43.291103
43.604806
43.291103
43.604806
43.604806
43.291103
44.545917
43.604806
43.918510
44.859621
52.702212
43.604806
46.741843
43.291103
43.604806
58.348877
43.291103
43.604806
43.604806
43.604806
43.604806
43.604806
43.291103
43.604806
43.291103
43.604806
43.918510
43.291103
146.499601
43.604806
43.604806
51.447397
43.291103
43.291103
44.232213
43.604806
43.604806
43.604806
43.604806
43.604806
43.291103
43.604806
43.604806
43.604806
43.604806
43.604806
61.485914
43.604806
43.604806
43.604806
43.604806
49.878879
43.291103
43.604806
44.859621
43.604806
43.604806
43.918510
43.291103
43.291103
43.604806
43.604806
43.604806
44.232213
43.604806
Srednia: 48.357416
