2.195925
2.195925
2.195925
2.509629
2.509629
2.195925
2.195925
2.509629
2.823333
2.195925
2.195925
2.195925
2.509629
2.195925
2.195925
2.509629
2.509629
2.509629
2.195925
2.509629
2.823333
2.509629
2.195925
2.195925
2.195925
2.823333
2.509629
2.823333
2.509629
2.195925
2.195925
2.195925
2.195925
2.195925
2.195925
2.195925
2.195925
2.195925
2.509629
9.411109
2.195925
2.195925
2.195925
2.509629
2.509629
2.509629
2.195925
2.509629
2.195925
3.137036
2.195925
2.195925
2.509629
2.509629
2.195925
2.509629
2.195925
2.195925
2.195925
2.195925
2.509629
2.195925
2.195925
2.509629
2.823333
2.509629
2.509629
2.509629
2.195925
2.195925
2.195925
2.195925
2.509629
2.509629
2.509629
3.137036
2.509629
2.195925
2.509629
2.195925
2.195925
2.195925
2.195925
2.195925
2.195925
2.509629
2.195925
2.509629
2.195925
2.509629
2.509629
2.195925
2.195925
2.509629
2.509629
2.195925
2.509629
2.195925
2.509629
2.195925
Srednia: 2.434340
