2.195925
2.195925
2.509629
2.195925
2.509629
2.195925
2.195925
2.509629
2.195925
2.509629
2.195925
2.509629
2.195925
2.195925
2.195925
2.509629
2.509629
2.195925
2.195925
2.509629
2.509629
2.509629
2.509629
2.195925
2.195925
3.137036
2.509629
2.195925
2.509629
2.195925
2.195925
2.509629
2.509629
2.195925
2.509629
5.332962
2.195925
2.509629
2.195925
2.195925
2.509629
2.195925
2.509629
2.509629
2.509629
2.509629
2.509629
2.509629
2.195925
2.195925
2.195925
2.509629
2.509629
2.195925
2.195925
2.195925
2.195925
2.195925
2.195925
2.509629
2.195925
2.195925
2.195925
2.195925
2.195925
2.509629
2.195925
2.195925
2.823333
2.195925
2.195925
2.195925
2.195925
2.509629
2.195925
2.823333
2.195925
2.195925
2.509629
2.195925
2.509629
2.509629
2.509629
2.509629
2.509629
2.195925
2.509629
2.509629
2.195925
2.509629
2.509629
2.195925
2.509629
2.509629
2.195925
2.509629
41.408881
2.195925
2.195925
2.509629
Srednia: 2.776277
