39.526659
39.840362
39.526659
40.154066
42.977399
39.212955
39.212955
39.526659
39.526659
39.526659
39.840362
39.212955
39.212955
48.310361
39.526659
39.212955
39.212955
39.212955
39.526659
39.526659
39.212955
39.526659
39.212955
44.859621
39.840362
40.154066
39.212955
39.526659
39.526659
39.212955
230.258473
39.212955
39.840362
40.154066
39.526659
39.212955
40.154066
39.212955
39.212955
39.212955
39.212955
39.526659
39.212955
39.212955
39.212955
39.526659
39.212955
39.526659
39.212955
39.526659
39.212955
39.212955
39.526659
39.840362
39.212955
39.212955
39.212955
39.212955
39.212955
39.212955
39.212955
102.894794
39.526659
39.212955
39.212955
47.055546
39.840362
39.526659
1608.358571
39.212955
39.212955
40.467770
39.212955
101.953684
39.212955
39.840362
39.526659
40.154066
95.993314
39.526659
39.212955
39.212955
39.212955
39.212955
39.526659
39.526659
39.212955
39.526659
40.154066
39.212955
39.212955
39.212955
39.212955
39.526659
39.212955
39.212955
40.467770
46.114435
77.171096
39.526659
Srednia: 59.566047
