19.763329
15.685182
15.057775
15.685182
15.057775
21.645551
15.371478
16.312589
14.744071
17.253700
15.371478
20.390737
16.626293
17.881108
15.685182
17.253700
15.057775
15.371478
16.626293
16.312589
14.744071
36.703326
142.421453
15.685182
15.057775
15.057775
15.057775
16.312589
17.567404
15.998886
15.685182
14.744071
14.430368
17.567404
21.018144
15.998886
16.626293
15.998886
17.567404
31.684068
15.057775
15.998886
122.971828
16.626293
15.685182
17.567404
15.998886
15.371478
16.312589
20.077033
16.312589
15.998886
15.998886
16.312589
15.371478
15.685182
20.077033
16.312589
16.312589
15.998886
15.685182
21.018144
18.508515
15.998886
18.822218
15.057775
17.881108
15.371478
16.312589
16.626293
15.685182
15.371478
15.057775
15.685182
15.057775
15.998886
16.626293
15.057775
27.605920
14.744071
15.998886
15.998886
15.998886
56.152952
19.449626
17.253700
17.567404
15.685182
15.057775
17.567404
15.685182
15.057775
16.626293
15.998886
15.685182
15.057775
15.371478
15.998886
15.057775
14.744071
Srednia: 19.553148
