19.763329
20.704440
20.704440
19.449626
20.077033
19.763329
19.763329
19.763329
19.763329
19.763329
19.449626
22.900366
19.763329
20.390737
19.449626
20.704440
19.763329
21.331848
20.704440
20.704440
20.077033
21.018144
19.763329
19.763329
19.763329
19.449626
19.763329
22.900366
19.763329
19.449626
19.763329
19.449626
20.390737
19.763329
20.077033
19.763329
19.763329
20.077033
20.077033
19.763329
21.018144
20.390737
19.449626
19.763329
20.390737
19.449626
19.763329
19.763329
19.449626
21.331848
19.763329
19.763329
20.390737
19.763329
19.449626
20.390737
20.077033
19.449626
20.390737
19.763329
20.077033
19.449626
20.704440
19.449626
19.449626
20.077033
20.077033
20.390737
19.763329
19.449626
20.390737
19.449626
20.390737
19.449626
19.449626
19.449626
20.077033
20.390737
20.390737
19.763329
20.077033
19.763329
76.229985
20.704440
19.449626
19.449626
19.449626
19.763329
19.449626
19.763329
19.763329
19.449626
19.763329
19.763329
20.077033
20.390737
19.763329
19.449626
19.763329
20.390737
Srednia: 20.560137
