19.763329
20.077033
19.763329
19.763329
19.763329
19.763329
19.763329
19.763329
19.763329
19.763329
19.763329
19.763329
19.763329
19.763329
19.763329
19.763329
19.763329
20.077033
19.763329
19.763329
19.763329
19.763329
19.763329
19.763329
19.763329
19.763329
20.077033
19.763329
19.763329
19.763329
34.193697
20.077033
20.077033
19.763329
21.018144
19.763329
52.074805
19.763329
20.077033
20.077033
19.763329
19.763329
19.763329
20.077033
20.077033
21.018144
20.077033
19.763329
20.077033
19.763329
20.077033
19.763329
20.077033
19.763329
19.763329
19.763329
20.077033
19.763329
19.763329
19.763329
19.449626
19.763329
19.763329
20.390737
19.763329
19.763329
20.390737
19.763329
19.763329
19.763329
19.763329
19.449626
19.763329
20.077033
19.763329
19.763329
19.763329
19.763329
27.919624
19.763329
19.449626
19.763329
19.763329
19.763329
19.763329
19.763329
20.704440
20.077033
19.763329
19.763329
20.077033
19.763329
19.449626
19.763329
19.763329
20.077033
19.763329
20.077033
20.077033
20.390737
Srednia: 20.415833
