0.627407
0.313704
0.000000
0.313704
0.313704
0.000000
0.313704
0.313704
0.000000
0.000000
0.313704
0.313704
0.313704
0.000000
0.313704
0.313704
0.313704
0.313704
0.313704
0.000000
0.313704
0.313704
0.313704
0.000000
0.000000
0.313704
0.000000
0.000000
0.313704
0.000000
0.000000
0.000000
0.313704
0.313704
0.313704
0.000000
0.313704
0.313704
0.000000
0.313704
0.313704
0.000000
0.313704
0.000000
0.000000
1.882222
0.000000
0.313704
0.313704
0.313704
0.313704
0.000000
0.313704
0.000000
0.313704
0.313704
0.313704
0.000000
0.313704
0.000000
0.313704
0.313704
0.313704
0.313704
0.313704
0.627407
21.645551
0.313704
0.313704
0.000000
0.000000
0.627407
0.000000
0.313704
0.313704
0.313704
0.000000
0.313704
0.313704
0.313704
0.000000
0.000000
0.000000
0.313704
0.313704
0.000000
0.313704
0.313704
0.000000
0.000000
0.313704
0.313704
0.313704
0.313704
0.313704
0.000000
0.000000
0.313704
0.000000
0.000000
Srednia: 0.436048
