43.918510
43.918510
43.918510
44.232213
43.918510
44.232213
44.545917
44.232213
44.232213
67.759987
44.232213
48.624064
44.232213
44.232213
43.918510
43.918510
43.918510
43.918510
45.487028
43.918510
44.859621
44.545917
44.545917
60.544803
44.232213
43.918510
44.232213
44.545917
50.192583
149.009230
44.232213
44.545917
43.918510
44.545917
43.918510
43.918510
186.653667
43.918510
43.918510
45.173324
44.545917
44.232213
44.232213
73.406652
44.545917
84.699983
44.232213
44.232213
44.232213
43.918510
43.918510
43.918510
44.232213
45.487028
43.918510
44.859621
44.859621
43.918510
43.918510
44.545917
43.918510
43.918510
44.232213
44.232213
43.918510
206.730700
43.918510
44.232213
43.918510
44.859621
44.232213
43.918510
43.918510
44.232213
43.918510
43.918510
43.918510
43.918510
43.918510
45.173324
44.859621
44.232213
43.918510
63.681839
44.859621
44.232213
43.918510
43.918510
44.232213
43.918510
49.878879
43.918510
43.918510
43.918510
44.232213
49.251472
44.232213
44.232213
158.734043
44.232213
Srednia: 50.958020
