70.583319
31.056661
34.821104
30.742957
32.625179
30.429253
31.056661
30.429253
30.429253
31.056661
30.742957
31.056661
400.285847
31.370364
33.252586
31.056661
31.370364
371.111408
30.742957
31.056661
374.248445
30.742957
31.056661
34.507401
32.311475
32.625179
31.370364
32.625179
31.997771
31.056661
31.056661
30.742957
31.370364
30.742957
31.370364
31.056661
31.056661
36.075919
37.330733
31.370364
30.742957
45.173324
30.742957
31.370364
30.742957
30.742957
31.684068
37.330733
31.684068
30.429253
30.429253
33.566290
30.742957
31.056661
37.958141
31.370364
30.742957
31.370364
31.370364
44.232213
31.056661
30.429253
31.056661
32.938882
31.684068
30.742957
31.370364
33.879993
32.311475
31.056661
31.056661
31.370364
31.684068
30.429253
31.997771
31.370364
31.997771
30.742957
31.370364
33.879993
30.742957
33.879993
31.056661
31.370364
31.684068
33.566290
31.370364
31.370364
31.370364
31.056661
31.684068
30.742957
30.742957
35.134808
33.566290
31.684068
30.429253
30.742957
31.370364
31.684068
Srednia: 42.911521
