22.272959
22.272959
22.272959
22.272959
22.586662
22.272959
22.900366
22.586662
22.586662
22.272959
22.272959
22.586662
22.272959
22.272959
22.586662
22.586662
27.605920
22.272959
22.586662
22.586662
22.586662
22.272959
22.586662
22.586662
22.586662
22.586662
22.272959
22.586662
22.272959
22.586662
22.900366
22.272959
23.214069
22.272959
22.586662
22.900366
22.272959
22.586662
22.586662
22.586662
22.272959
22.272959
22.586662
22.586662
22.272959
22.272959
22.586662
26.664810
22.586662
22.586662
22.272959
22.900366
22.272959
23.214069
22.272959
64.622950
22.272959
22.586662
22.272959
22.586662
22.586662
22.272959
22.272959
22.272959
22.586662
22.586662
22.586662
22.272959
22.586662
22.272959
22.272959
22.586662
22.586662
22.586662
22.272959
22.586662
22.586662
22.586662
22.586662
22.900366
22.586662
22.272959
22.586662
22.272959
28.233328
22.586662
22.272959
22.272959
22.272959
94.111092
22.586662
22.272959
22.272959
22.272959
22.272959
22.586662
22.272959
22.900366
22.586662
22.272959
Srednia: 23.766188
