39.840362
38.899252
38.585548
38.585548
38.585548
38.899252
38.585548
38.585548
38.271844
38.271844
38.271844
38.585548
38.585548
38.271844
97.875536
89.719242
38.899252
38.899252
38.585548
38.585548
38.585548
38.899252
38.899252
38.585548
38.899252
38.899252
38.585548
38.585548
38.585548
38.585548
38.585548
54.584434
38.585548
38.899252
38.585548
38.585548
38.585548
39.526659
38.585548
38.585548
38.899252
38.899252
38.585548
38.271844
38.585548
39.212955
38.585548
38.271844
38.271844
38.899252
38.585548
38.899252
38.585548
38.585548
38.585548
38.899252
38.585548
38.899252
39.212955
38.585548
38.585548
38.585548
39.526659
38.585548
38.585548
38.585548
38.585548
38.271844
38.585548
38.585548
38.899252
38.585548
38.585548
38.585548
39.212955
38.585548
38.899252
38.585548
38.585548
38.585548
38.585548
38.585548
38.585548
38.899252
38.585548
38.271844
59.289988
38.585548
38.585548
38.585548
38.899252
38.899252
38.271844
38.271844
38.271844
38.271844
38.899252
38.585548
38.899252
38.585548
Srednia: 40.135244
