0.313704
0.313704
0.313704
0.313704
0.000000
0.313704
0.313704
0.000000
0.313704
0.000000
0.313704
0.313704
0.313704
0.313704
0.313704
0.313704
0.000000
0.313704
0.313704
0.313704
0.313704
0.313704
0.313704
0.313704
0.313704
0.313704
0.313704
0.000000
0.313704
0.313704
0.000000
0.313704
0.313704
0.313704
0.313704
0.000000
0.313704
0.627407
0.313704
0.313704
0.313704
0.313704
0.000000
0.313704
0.313704
0.313704
0.313704
0.313704
0.313704
0.000000
0.000000
0.313704
0.313704
1.254815
0.313704
0.313704
0.000000
0.000000
0.313704
0.313704
0.313704
0.313704
0.313704
0.000000
0.313704
0.313704
0.313704
0.313704
0.313704
0.000000
0.313704
0.313704
0.313704
0.313704
0.313704
0.313704
0.313704
0.000000
0.313704
0.313704
0.313704
0.313704
0.313704
0.313704
0.313704
0.313704
0.313704
0.313704
0.313704
0.313704
0.313704
0.313704
0.313704
0.313704
0.313704
0.313704
0.313704
0.000000
0.313704
0.313704
Srednia: 0.276059
