1.882222
1.254815
1.254815
1.254815
1.254815
1.254815
1.568518
1.568518
1.254815
1.568518
1.254815
1.568518
1.254815
1.568518
1.254815
1.254815
1.254815
1.568518
1.568518
1.254815
1.254815
1.254815
1.254815
1.254815
1.254815
1.254815
1.254815
1.254815
1.568518
1.254815
1.254815
1.568518
1.254815
1.254815
1.254815
1.254815
1.254815
1.254815
1.254815
1.254815
1.254815
1.254815
1.254815
1.254815
1.254815
1.254815
1.254815
1.254815
1.254815
1.254815
1.254815
1.254815
1.254815
1.254815
1.568518
1.882222
1.254815
1.254815
1.568518
1.254815
1.254815
1.254815
1.254815
1.568518
1.254815
1.254815
1.254815
1.568518
1.254815
1.254815
1.254815
1.254815
1.254815
1.254815
1.254815
1.254815
1.254815
1.254815
1.254815
1.254815
1.254815
1.568518
2.195925
1.254815
1.254815
1.254815
1.254815
1.254815
1.254815
1.254815
1.254815
1.254815
1.254815
1.254815
1.254815
1.254815
1.254815
1.254815
1.568518
1.254815
Srednia: 1.323829
