4.078147
2.509629
3.450740
2.823333
3.450740
2.509629
3.450740
2.823333
3.450740
2.509629
3.137036
2.509629
3.764444
2.823333
3.450740
2.823333
3.764444
2.823333
3.764444
2.509629
4.078147
3.137036
3.137036
4.078147
5.019258
3.137036
3.450740
3.137036
3.450740
3.450740
4.391851
3.450740
3.450740
3.450740
3.137036
3.137036
3.450740
4.391851
3.450740
3.764444
3.137036
3.764444
4.078147
3.450740
4.078147
3.137036
3.137036
3.450740
3.137036
3.137036
3.764444
3.764444
3.764444
3.450740
3.764444
3.764444
3.450740
4.705555
3.450740
3.450740
3.137036
3.137036
3.764444
3.450740
4.391851
3.764444
4.078147
3.450740
3.450740
3.764444
4.391851
3.450740
4.078147
3.450740
3.137036
3.764444
3.764444
3.764444
4.391851
3.450740
3.764444
3.764444
3.450740
3.450740
3.764444
3.450740
3.450740
3.764444
3.764444
3.764444
4.078147
3.137036
3.450740
3.450740
4.078147
3.450740
3.450740
3.764444
3.764444
5.019258
Srednia: 3.544851
