0.941111
0.627407
0.313704
0.313704
0.313704
0.627407
0.313704
0.313704
0.313704
0.313704
0.627407
0.313704
0.627407
0.627407
0.627407
0.313704
0.627407
0.313704
0.313704
0.313704
0.627407
0.313704
0.627407
0.627407
0.313704
0.313704
0.627407
0.313704
0.313704
0.313704
0.627407
1.882222
0.627407
0.313704
0.627407
0.313704
0.627407
0.627407
1.568518
0.627407
0.627407
0.313704
0.627407
0.627407
0.313704
0.627407
0.313704
1.882222
0.313704
0.627407
0.313704
0.627407
0.627407
0.627407
0.627407
0.627407
0.627407
0.627407
0.627407
0.627407
0.627407
0.313704
46.114435
0.941111
0.313704
0.313704
0.313704
0.313704
0.627407
0.313704
0.627407
0.313704
0.313704
0.313704
0.313704
0.627407
0.313704
0.313704
0.313704
0.313704
0.627407
0.313704
0.313704
0.313704
0.313704
0.313704
0.313704
0.313704
0.941111
0.313704
0.313704
0.313704
0.627407
0.313704
0.313704
0.313704
0.313704
0.627407
0.627407
0.627407
Srednia: 0.959933
