41.722584
75.602578
65.877765
41.408881
413.461400
42.349992
42.036288
41.408881
0.313704
0.000000
41.722584
42.036288
41.408881
41.408881
42.036288
51.761101
41.408881
41.408881
41.722584
41.722584
41.408881
41.722584
41.408881
41.408881
41.722584
41.722584
41.722584
46.428139
41.722584
41.408881
42.663695
42.349992
41.722584
42.977399
41.722584
41.408881
41.408881
42.349992
56.466655
41.408881
122.658124
113.874422
41.408881
41.408881
41.722584
41.722584
42.036288
41.722584
41.722584
41.722584
42.036288
115.129236
43.604806
77845.872382
41.722584
41.722584
41.408881
41.408881
138.029602
41.722584
69.955912
42.036288
42.036288
41.408881
50.192583
41.095177
61.485914
41.722584
42.349992
41.408881
41.722584
41.408881
41.408881
41.722584
41.722584
42.977399
41.408881
42.036288
41.722584
41.408881
41.722584
41.408881
41.722584
41.722584
41.722584
70.583319
42.036288
41.722584
60.544803
41.408881
42.036288
41.408881
50.192583
41.722584
175.360336
41.408881
41.408881
41.408881
41.408881
42.036288
Srednia: 829.228521
