0.627407
0.313704
0.313704
0.000000
0.313704
0.000000
0.313704
0.313704
0.000000
0.000000
0.000000
0.313704
0.313704
0.313704
0.313704
0.000000
0.313704
0.313704
0.000000
0.313704
0.313704
0.000000
0.000000
0.000000
0.313704
0.000000
0.313704
0.313704
0.313704
0.313704
0.313704
0.000000
0.313704
0.000000
0.313704
0.000000
0.000000
0.000000
0.000000
0.313704
0.000000
0.000000
0.313704
0.313704
0.313704
0.313704
0.313704
0.313704
0.000000
0.313704
0.313704
0.000000
0.313704
0.313704
0.000000
0.000000
0.000000
0.313704
18.194811
0.313704
0.313704
0.000000
0.000000
0.313704
0.000000
0.000000
0.313704
0.000000
0.000000
0.313704
0.313704
0.000000
0.313704
0.000000
0.000000
0.000000
0.000000
0.000000
0.000000
0.313704
0.000000
0.000000
19.763329
0.000000
0.000000
0.000000
0.313704
0.313704
0.000000
0.313704
0.313704
0.000000
0.000000
0.313704
0.313704
0.313704
0.313704
0.000000
0.000000
0.000000
Srednia: 0.539570
