124.854049
39.212955
39.840362
39.212955
39.526659
38.585548
40.154066
39.212955
41.408881
41.095177
38.585548
40.781473
38.899252
38.585548
38.899252
38.585548
40.154066
39.526659
38.899252
38.585548
38.585548
38.585548
40.467770
38.899252
39.212955
42.663695
40.154066
39.840362
38.899252
39.212955
38.899252
40.467770
39.526659
39.840362
39.526659
38.899252
41.722584
39.526659
39.840362
38.899252
39.212955
38.585548
39.526659
38.585548
38.585548
38.899252
39.526659
39.526659
38.899252
39.212955
38.585548
38.585548
39.212955
39.212955
40.154066
38.585548
38.899252
39.840362
39.526659
39.212955
38.585548
39.526659
39.212955
39.212955
39.840362
38.585548
39.526659
39.212955
42.663695
39.840362
40.154066
38.585548
38.899252
42.663695
39.840362
40.781473
39.840362
38.899252
39.212955
38.899252
38.899252
39.526659
38.899252
39.840362
38.585548
38.585548
38.899252
38.585548
38.899252
39.212955
39.212955
39.212955
39.840362
38.585548
39.526659
38.899252
38.585548
38.585548
39.526659
39.526659
Srednia: 40.260725
