1.882222
1.882222
2.195925
2.195925
1.882222
2.195925
1.882222
2.195925
2.195925
2.195925
2.195925
2.195925
2.195925
2.195925
1.882222
2.823333
2.195925
2.195925
2.195925
2.195925
1.882222
1.882222
1.882222
101.326276
2.195925
2.195925
1.882222
2.195925
1.882222
2.195925
2.195925
1.882222
2.509629
2.195925
2.195925
2.509629
2.195925
2.195925
1.882222
2.195925
2.195925
2.195925
2.195925
2.195925
2.195925
90.346649
2.195925
2.195925
2.195925
2.195925
2.195925
2.509629
2.195925
1.882222
2.195925
2.195925
2.195925
1.882222
1.882222
2.195925
2.195925
2.195925
1.882222
2.195925
2.195925
2.195925
2.195925
1.882222
2.195925
2.195925
2.195925
2.509629
2.509629
2.195925
2.195925
1.882222
1.882222
2.195925
1.882222
2.195925
2.195925
2.195925
2.195925
2.195925
1.882222
1.882222
2.195925
2.195925
2.195925
1.882222
2.195925
1.882222
2.195925
2.195925
2.195925
2.195925
2.195925
2.509629
1.882222
2.195925
Srednia: 4.015407
