21.018144
21.018144
20.704440
21.018144
21.018144
21.331848
21.018144
20.704440
21.331848
21.018144
21.018144
21.331848
21.645551
21.018144
21.331848
21.331848
21.018144
20.704440
21.018144
21.018144
21.331848
21.018144
21.645551
21.018144
20.704440
21.018144
21.018144
21.018144
20.704440
21.018144
21.018144
28.860735
21.331848
21.018144
21.018144
21.018144
20.704440
21.018144
21.018144
21.331848
31.056661
21.331848
21.018144
20.704440
21.018144
21.018144
21.018144
20.704440
800.885397
20.704440
21.018144
20.704440
21.018144
21.018144
21.018144
21.018144
21.018144
32.625179
2266.508811
21.018144
21.018144
22.586662
21.018144
21.018144
21.331848
21.018144
21.018144
21.018144
21.018144
21.018144
20.704440
21.018144
22.586662
20.704440
21.018144
20.704440
102.894794
20.704440
21.018144
20.704440
21.018144
21.018144
21.018144
21.018144
21.018144
21.331848
21.331848
21.018144
20.704440
21.018144
20.704440
20.704440
21.018144
20.704440
21.018144
26.664810
20.704440
21.018144
21.018144
21.331848
Srednia: 52.463797
