2.195925
2.195925
2.195925
2.823333
2.195925
2.195925
2.509629
2.195925
2.195925
2.195925
2.195925
2.195925
2.509629
2.195925
2.195925
2.195925
2.195925
2.195925
2.195925
2.509629
2.195925
2.195925
2.195925
2.195925
2.195925
2.509629
2.195925
2.195925
2.195925
2.195925
2.509629
2.195925
2.509629
2.195925
2.195925
2.195925
2.195925
2.509629
2.195925
2.195925
2.195925
2.195925
2.195925
3.450740
2.195925
2.195925
2.195925
2.195925
2.195925
2.195925
2.195925
2.195925
2.195925
2.195925
2.195925
5.019258
2.195925
2.195925
2.195925
2.195925
2.195925
2.195925
2.195925
2.509629
2.195925
2.195925
2.195925
2.195925
2.195925
1.882222
2.509629
2.195925
2.195925
2.195925
2.195925
2.195925
1.882222
2.195925
2.509629
2.195925
2.195925
2.195925
2.823333
2.195925
2.195925
2.195925
2.195925
2.195925
2.195925
2.195925
2.195925
2.195925
2.509629
2.195925
2.509629
2.195925
2.195925
2.195925
2.195925
2.195925
Srednia: 2.280625
