21.018144
19.449626
19.449626
20.704440
19.763329
20.390737
19.449626
19.449626
20.077033
19.763329
19.449626
20.077033
19.763329
20.704440
20.390737
21.959255
20.390737
19.449626
19.449626
20.077033
19.449626
19.763329
19.763329
20.077033
19.449626
19.449626
19.449626
19.449626
19.763329
20.390737
19.763329
19.763329
19.763329
20.077033
20.704440
20.077033
19.449626
21.331848
19.763329
19.763329
20.390737
20.390737
19.763329
19.763329
19.763329
20.704440
19.763329
19.449626
19.449626
19.763329
19.449626
19.763329
20.704440
20.077033
26.664810
20.077033
19.449626
20.390737
20.077033
20.704440
19.449626
19.449626
19.449626
19.763329
21.645551
19.449626
19.763329
19.449626
19.449626
19.763329
21.331848
20.390737
19.763329
20.704440
20.704440
19.449626
19.449626
19.449626
20.390737
20.077033
19.449626
19.449626
21.018144
19.449626
19.763329
19.763329
19.763329
19.763329
19.763329
20.077033
20.704440
19.763329
20.704440
21.018144
19.763329
20.077033
19.763329
20.077033
21.018144
19.763329
Srednia: 20.055074
