16.939997
15.057775
15.371478
15.371478
17.253700
16.939997
17.567404
15.998886
22.272959
16.312589
16.626293
15.371478
15.998886
15.685182
15.371478
16.626293
16.939997
22.586662
16.312589
15.685182
15.998886
18.822218
15.998886
15.057775
15.998886
15.371478
15.371478
28.860735
15.371478
15.685182
15.685182
15.057775
22.272959
14.744071
15.998886
16.312589
15.057775
16.626293
15.685182
15.998886
16.312589
15.371478
18.194811
15.685182
15.685182
16.626293
17.253700
16.939997
17.567404
15.371478
16.312589
15.057775
18.822218
19.763329
15.685182
21.018144
16.626293
19.763329
22.586662
16.312589
15.685182
17.253700
134.578862
16.939997
25.723699
15.371478
15.998886
14.744071
16.626293
15.998886
22.586662
17.567404
20.077033
15.685182
19.763329
16.312589
16.312589
42.663695
21.018144
14.744071
19.449626
16.312589
17.881108
16.312589
18.194811
16.939997
18.194811
17.253700
17.567404
15.685182
18.508515
16.626293
30.429253
19.135922
15.371478
16.312589
15.685182
15.371478
15.371478
28.860735
Srednia: 18.803396
