2.509629
2.509629
2.195925
2.195925
2.509629
2.195925
2.195925
2.195925
2.509629
2.509629
2.195925
2.509629
2.195925
2.509629
2.195925
2.509629
2.509629
2.195925
2.195925
2.195925
2.509629
2.195925
2.195925
2.195925
2.195925
2.195925
2.509629
2.195925
2.509629
2.509629
2.509629
3.137036
2.509629
2.195925
2.195925
2.195925
2.195925
2.195925
2.509629
2.195925
2.195925
2.195925
2.509629
2.509629
2.195925
2.195925
2.509629
2.195925
2.195925
2.509629
2.195925
2.195925
2.509629
2.509629
2.509629
2.195925
2.195925
2.195925
2.195925
2.509629
2.195925
2.509629
2.509629
2.195925
2.509629
2.509629
2.195925
2.195925
2.195925
2.195925
2.195925
2.195925
2.509629
2.509629
2.509629
2.509629
2.509629
2.195925
2.509629
2.195925
2.509629
2.509629
2.509629
2.195925
2.509629
2.509629
2.509629
2.509629
2.509629
2.823333
2.195925
2.509629
2.509629
2.195925
2.509629
2.823333
2.509629
2.195925
2.195925
2.509629
Srednia: 2.365325
