39.212955
39.212955
40.467770
39.840362
41.722584
39.212955
39.212955
38.899252
39.212955
39.526659
360.445484
39.212955
38.899252
39.212955
39.526659
39.212955
38.899252
38.899252
38.899252
42.663695
39.212955
60.544803
45.173324
40.154066
40.467770
38.899252
39.526659
39.212955
39.212955
39.212955
39.212955
39.212955
39.212955
40.154066
39.212955
39.526659
234.336620
39.212955
39.212955
39.212955
38.899252
39.212955
39.212955
39.840362
39.840362
56.780359
39.212955
39.212955
39.212955
39.526659
40.467770
39.212955
39.212955
39.840362
39.526659
39.212955
39.212955
40.781473
39.212955
38.899252
38.899252
39.526659
39.212955
39.212955
120.148495
39.212955
39.526659
39.212955
39.212955
39.526659
40.467770
39.526659
39.840362
39.526659
39.212955
49.565175
39.526659
38.899252
39.526659
39.212955
39.212955
39.526659
39.212955
39.840362
38.899252
39.212955
39.212955
39.526659
40.154066
39.212955
39.526659
38.899252
42.349992
39.526659
39.526659
39.526659
39.840362
39.212955
39.526659
39.212955
Srednia: 45.992091
