20.077033
19.449626
19.449626
19.449626
19.449626
36.389622
19.449626
19.449626
19.449626
19.449626
19.449626
19.763329
19.449626
19.763329
19.449626
19.449626
19.763329
19.763329
19.449626
19.449626
19.763329
20.077033
19.449626
19.449626
19.449626
19.449626
19.763329
19.449626
26.664810
19.449626
19.449626
19.449626
19.763329
19.449626
20.390737
19.449626
19.135922
19.763329
19.449626
19.763329
19.763329
29.488142
19.763329
19.449626
19.449626
19.449626
19.449626
19.763329
19.763329
19.449626
20.077033
19.449626
19.763329
19.449626
19.763329
19.449626
19.763329
19.449626
19.449626
19.449626
24.155180
19.763329
19.449626
19.449626
19.763329
19.449626
19.763329
19.763329
19.449626
19.449626
19.763329
19.449626
19.135922
19.449626
19.449626
19.449626
20.077033
19.763329
19.449626
19.449626
19.449626
19.449626
19.763329
19.449626
19.763329
19.449626
46.114435
19.449626
19.135922
19.449626
19.449626
19.449626
19.449626
19.763329
19.449626
29.174439
19.763329
19.135922
19.449626
19.449626
Srednia: 20.306037
