22.272959
21.959255
22.272959
21.959255
21.959255
21.959255
21.959255
21.959255
22.272959
21.959255
21.959255
21.959255
21.959255
21.959255
21.645551
22.272959
22.272959
21.959255
21.959255
21.959255
21.959255
21.959255
22.272959
22.272959
21.959255
21.959255
22.272959
21.959255
21.959255
183.516630
22.272959
21.959255
21.959255
21.959255
21.645551
21.959255
21.959255
22.272959
21.959255
21.959255
21.959255
21.645551
21.959255
21.959255
21.959255
21.959255
21.959255
22.272959
21.959255
21.959255
21.645551
21.959255
21.959255
21.959255
21.959255
21.645551
24.782588
21.959255
21.959255
22.272959
22.272959
21.959255
21.645551
21.959255
39.212955
21.959255
21.959255
22.272959
22.272959
21.959255
21.959255
21.959255
21.959255
21.959255
21.959255
21.959255
21.959255
22.272959
21.959255
21.959255
21.959255
21.959255
22.272959
21.959255
21.959255
22.272959
21.959255
21.645551
21.959255
21.959255
21.959255
21.959255
21.959255
21.959255
21.959255
21.959255
21.645551
21.959255
21.645551
22.272959
Srednia: 23.806969
