20.704440
20.704440
20.704440
31.370364
21.959255
21.018144
21.018144
21.331848
31.056661
20.704440
20.704440
21.018144
20.704440
21.018144
21.018144
20.704440
21.018144
21.018144
21.018144
21.018144
21.018144
21.018144
20.704440
21.331848
21.018144
20.704440
21.331848
33.252586
21.018144
21.018144
21.018144
21.018144
20.704440
21.331848
21.331848
21.018144
21.018144
21.331848
21.645551
178.497372
21.018144
20.704440
21.645551
21.018144
20.704440
22.272959
21.018144
21.018144
20.704440
28.547031
21.018144
20.704440
21.959255
21.645551
27.919624
21.018144
21.018144
20.704440
31.684068
21.018144
21.018144
20.704440
21.018144
20.704440
21.018144
21.018144
40203.003901
20.704440
21.018144
21.018144
21.018144
21.018144
21.018144
21.018144
21.018144
20.704440
21.018144
21.018144
21.018144
21.018144
20.704440
21.018144
21.018144
20.704440
21.018144
21.018144
21.018144
20.704440
21.018144
21.018144
21.018144
21.018144
21.018144
20.704440
20.704440
20.704440
21.018144
20.704440
20.704440
21.018144
Srednia: 424.974323
