39.212955
39.526659
39.212955
39.526659
39.212955
39.526659
39.526659
39.526659
39.212955
39.840362
39.212955
39.212955
39.212955
39.212955
39.212955
76.543689
39.212955
38.899252
38.899252
39.526659
39.212955
40.154066
39.212955
40.467770
39.840362
39.212955
39.212955
39.526659
39.526659
39.212955
39.212955
39.212955
39.526659
39.212955
39.212955
39.212955
39.526659
38.899252
55.525545
39.212955
39.212955
38.899252
39.212955
39.212955
39.212955
39.212955
39.526659
39.212955
39.212955
38.899252
39.526659
38.899252
39.526659
39.526659
39.212955
39.526659
39.212955
39.526659
38.899252
57.721470
39.212955
39.212955
39.212955
39.212955
38.899252
79.994429
54.270730
39.526659
412.520289
39.212955
39.212955
41.408881
39.212955
39.840362
38.899252
40.154066
39.212955
39.212955
39.526659
39.212955
39.212955
39.526659
39.212955
39.212955
40.154066
39.212955
40.154066
39.212955
39.526659
55.839248
40.154066
40.154066
39.212955
38.899252
38.899252
39.526659
39.212955
39.526659
39.212955
39.212955
Srednia: 44.536506
