20.077033
20.077033
18.194811
17.881108
14.744071
16.312589
15.371478
15.371478
17.253700
16.312589
17.253700
27.605920
16.939997
15.998886
21.331848
14.744071
17.881108
63.368136
17.253700
15.371478
22.900366
17.253700
16.312589
16.939997
16.312589
21.018144
17.881108
20.390737
18.508515
30.115550
20.390737
18.508515
18.508515
34.821104
15.685182
16.939997
15.371478
21.018144
15.371478
31.370364
15.685182
16.312589
16.626293
15.371478
37.017030
14.744071
19.449626
17.253700
16.312589
16.312589
18.822218
16.312589
19.135922
16.626293
21.331848
26.664810
15.998886
15.371478
15.371478
18.194811
16.626293
15.057775
17.253700
16.626293
17.567404
18.822218
16.939997
15.685182
35.134808
16.626293
15.685182
15.998886
16.939997
17.253700
19.135922
17.253700
27.292217
18.194811
16.939997
18.194811
22.900366
15.998886
16.312589
18.508515
16.626293
15.685182
15.685182
15.371478
18.508515
15.057775
15.057775
15.998886
16.939997
16.939997
17.253700
15.998886
15.371478
14.744071
15.057775
14.744071
Srednia: 18.718696
