2.823333
2.195925
2.509629
2.509629
2.823333
2.195925
2.509629
2.509629
2.509629
2.509629
2.195925
2.195925
2.509629
2.509629
3.450740
2.195925
2.509629
2.195925
2.509629
2.195925
2.509629
2.195925
2.509629
2.195925
2.509629
2.823333
2.509629
2.509629
2.195925
2.509629
3.137036
2.509629
2.509629
2.195925
2.509629
2.195925
2.509629
2.509629
2.195925
2.195925
2.195925
3.450740
2.509629
2.195925
2.509629
2.509629
2.509629
2.509629
2.509629
2.509629
2.509629
2.509629
2.195925
2.509629
2.195925
2.509629
2.509629
2.509629
2.509629
2.509629
2.195925
2.509629
2.195925
2.509629
2.509629
2.195925
2.195925
2.195925
2.509629
2.823333
3.137036
2.195925
2.509629
2.195925
2.195925
3.450740
2.509629
2.509629
2.509629
2.509629
2.195925
2.509629
2.509629
2.509629
2.823333
2.509629
2.195925
2.195925
2.509629
2.509629
2.195925
2.195925
2.509629
2.509629
2.195925
2.195925
2.509629
2.195925
2.195925
2.195925
Srednia: 2.453162
