0.627407
0.313704
0.941111
0.627407
0.313704
0.313704
0.627407
0.941111
0.313704
0.313704
0.627407
0.313704
0.627407
0.313704
0.313704
0.313704
0.941111
0.313704
0.941111
0.627407
0.627407
0.313704
0.313704
0.627407
0.313704
0.627407
0.941111
0.627407
0.627407
0.313704
0.313704
0.000000
0.313704
0.627407
0.313704
0.627407
0.627407
0.941111
0.313704
0.627407
0.313704
0.627407
0.313704
0.627407
0.313704
0.313704
0.313704
0.627407
0.627407
0.627407
0.313704
0.627407
0.941111
0.313704
0.627407
0.627407
0.313704
0.313704
0.627407
0.627407
0.627407
0.627407
0.313704
0.627407
0.627407
0.941111
1.882222
0.627407
0.627407
0.627407
0.627407
0.313704
0.627407
0.313704
0.313704
0.627407
0.627407
0.941111
0.941111
0.627407
0.941111
0.313704
0.941111
0.627407
0.313704
0.313704
0.627407
0.941111
0.313704
0.313704
0.627407
0.627407
0.313704
0.313704
0.313704
0.313704
0.313704
0.627407
0.313704
0.313704
Srednia: 0.539570
