43.918510
43.918510
43.918510
43.918510
45.173324
43.918510
44.232213
43.918510
44.232213
44.232213
44.232213
44.545917
43.604806
50.192583
59.603692
43.918510
44.232213
43.918510
44.232213
43.918510
44.232213
44.859621
44.232213
44.232213
43.918510
43.918510
72.779245
44.232213
44.232213
44.545917
43.918510
43.918510
44.232213
63.681839
44.545917
43.918510
43.918510
43.918510
43.918510
44.545917
44.232213
44.232213
43.918510
43.918510
43.918510
43.918510
159.988857
44.232213
43.918510
43.918510
43.918510
44.859621
44.232213
43.918510
43.918510
44.545917
43.918510
43.918510
44.232213
44.545917
51.133694
44.232213
43.918510
43.918510
44.232213
44.232213
43.918510
43.918510
44.545917
43.918510
44.545917
63.681839
44.232213
410.010660
44.232213
43.918510
44.232213
43.918510
43.918510
44.232213
43.918510
43.918510
44.232213
43.918510
43.918510
44.859621
44.232213
44.232213
44.859621
43.918510
43.918510
45.800732
44.545917
43.918510
147.440712
44.545917
43.918510
43.918510
44.232213
43.918510
Srednia: 50.967431
