0.627407
0.627407
0.627407
0.627407
0.313704
0.627407
0.627407
0.313704
0.627407
0.627407
0.313704
0.313704
0.627407
0.313704
0.313704
0.627407
0.313704
0.313704
0.313704
0.627407
0.313704
0.627407
0.313704
0.313704
0.313704
0.627407
0.313704
0.627407
0.313704
0.313704
0.313704
0.627407
0.313704
0.313704
0.627407
0.627407
0.313704
0.627407
0.313704
0.627407
0.627407
0.313704
0.313704
0.313704
0.313704
0.627407
0.627407
0.313704
0.313704
0.313704
0.627407
0.627407
0.627407
0.313704
0.313704
0.313704
0.313704
0.627407
0.627407
0.627407
0.313704
0.627407
0.627407
0.313704
0.627407
0.627407
0.313704
0.313704
0.313704
0.313704
0.313704
0.313704
0.313704
0.313704
0.313704
3.450740
0.313704
0.313704
0.313704
0.313704
0.627407
0.627407
0.313704
0.627407
0.313704
0.313704
0.627407
0.313704
0.313704
0.627407
0.627407
0.627407
0.313704
0.313704
0.627407
0.627407
0.313704
0.313704
0.313704
0.313704
Srednia: 0.473692
