19.763329
21.018144
19.763329
19.763329
19.763329
20.077033
19.763329
19.763329
20.077033
20.077033
20.390737
19.763329
19.763329
20.077033
20.077033
19.763329
20.077033
19.763329
19.763329
19.763329
19.763329
19.763329
19.763329
19.763329
19.449626
19.763329
19.763329
20.077033
20.077033
19.763329
20.077033
19.763329
20.077033
19.763329
19.763329
20.077033
20.077033
19.763329
20.077033
20.077033
20.390737
20.077033
20.077033
20.077033
19.763329
19.763329
20.077033
20.077033
19.763329
20.077033
19.763329
20.077033
20.077033
19.763329
20.077033
20.077033
19.763329
20.077033
19.763329
20.077033
19.763329
19.763329
0.000000
0.000000
0.000000
0.313704
0.313704
0.000000
0.000000
20.077033
20.077033
20.077033
19.763329
20.077033
19.763329
19.763329
20.077033
19.763329
20.077033
20.077033
20.077033
19.763329
20.077033
19.763329
19.763329
20.077033
19.763329
19.763329
20.077033
20.077033
19.763329
19.763329
19.763329
20.077033
20.077033
21.018144
19.763329
20.077033
19.763329
20.077033
Srednia: 18.552433
