2.195925
10.038517
2.195925
2.509629
2.195925
2.195925
2.195925
2.509629
4.705555
2.509629
2.195925
2.195925
2.195925
2.195925
2.195925
2.195925
2.195925
2.195925
2.195925
2.509629
2.195925
2.195925
2.195925
2.195925
2.509629
2.195925
2.195925
2.509629
2.195925
2.195925
2.195925
2.509629
2.509629
2.195925
2.195925
2.195925
2.823333
2.509629
2.509629
2.509629
2.195925
2.509629
2.195925
2.195925
2.195925
2.195925
2.509629
2.195925
2.195925
2.195925
2.509629
2.509629
2.195925
2.195925
2.195925
2.195925
2.509629
2.195925
3.137036
2.195925
2.509629
2.195925
2.195925
2.195925
2.195925
2.509629
2.509629
2.195925
2.509629
2.195925
2.509629
2.509629
2.195925
2.195925
2.195925
2.195925
2.509629
2.195925
2.195925
2.195925
2.509629
2.509629
2.195925
2.195925
2.195925
2.509629
2.195925
2.195925
2.195925
2.509629
2.823333
2.195925
2.509629
2.509629
2.195925
2.509629
2.195925
2.195925
2.509629
2.195925
Srednia: 2.418655
