38.271844
20.704440
21.331848
21.018144
131.441826
21.018144
21.018144
21.018144
20.704440
21.018144
20.704440
21.331848
21.018144
21.018144
21.018144
22.900366
21.018144
21.018144
21.018144
22.586662
21.018144
21.018144
21.331848
20.704440
21.018144
21.018144
21.018144
21.018144
21.018144
21.018144
21.018144
21.018144
21.331848
21.018144
21.331848
21.018144
20.704440
21.018144
21.018144
21.018144
21.018144
21.331848
21.018144
25.096291
20.704440
22.586662
21.018144
21.645551
21.018144
21.018144
21.018144
21.018144
21.331848
21.645551
21.018144
21.018144
21.018144
20.704440
21.018144
20.704440
21.018144
21.018144
21.018144
21.018144
21.018144
21.331848
21.018144
21.018144
21.018144
21.645551
20.704440
21.018144
21.018144
21.018144
21.018144
21.018144
21.018144
26.351106
23.841477
21.018144
21.018144
21.018144
21.018144
21.018144
21.018144
20.704440
21.018144
21.018144
20.704440
20.704440
21.018144
21.331848
21.018144
21.018144
21.018144
22.272959
21.018144
21.018144
21.959255
21.018144
Srednia: 22.498825
