20.704440
21.018144
27.292217
20.704440
21.018144
21.331848
21.018144
20.704440
21.018144
68.701098
21.018144
20.704440
21.018144
21.959255
21.331848
21.018144
26.978513
20.704440
55.525545
21.959255
22.586662
21.018144
20.704440
20.704440
20.704440
20.704440
21.018144
21.018144
21.331848
20.704440
21.018144
21.018144
21.018144
483.417312
21.018144
20.704440
21.645551
21.018144
21.018144
2101.814399
20.704440
21.331848
21.018144
21.018144
21.018144
21.331848
21.018144
21.018144
20.704440
21.331848
20.704440
20.704440
21.018144
20.704440
21.018144
43.918510
21.959255
21.018144
20.704440
21.018144
20.704440
21.645551
20.704440
21.018144
20.704440
21.018144
21.018144
21.018144
28.547031
21.645551
21.018144
21.018144
20.704440
20.390737
21.018144
21.018144
20.704440
22.272959
21.018144
20.704440
40.154066
20.704440
21.018144
20.704440
20.704440
21.018144
21.018144
20.704440
20.704440
20.704440
21.018144
21.331848
21.018144
20.704440
21.018144
21.018144
20.704440
21.018144
20.704440
21.018144
Srednia: 47.880587
