192.614036
38.899252
38.585548
38.585548
38.899252
38.585548
38.585548
38.585548
38.585548
38.899252
38.585548
38.271844
38.585548
38.585548
38.585548
38.585548
38.585548
38.585548
38.271844
38.585548
38.585548
38.585548
38.585548
38.585548
38.899252
38.585548
38.585548
38.585548
38.585548
38.585548
38.585548
38.899252
38.585548
39.212955
38.585548
124.854049
38.585548
38.585548
38.585548
38.585548
38.585548
38.585548
38.585548
38.899252
38.585548
38.585548
39.212955
417.539547
38.585548
38.585548
39.212955
38.585548
38.585548
38.585548
39.526659
38.899252
38.585548
38.899252
39.212955
38.585548
41.408881
39.840362
38.899252
38.585548
38.585548
38.899252
38.585548
38.585548
38.585548
38.585548
38.271844
38.585548
38.271844
38.899252
38.271844
38.585548
54.898137
38.585548
38.585548
38.585548
38.271844
58.662581
38.585548
120.775902
38.271844
38.585548
51.133694
38.585548
54.584434
38.585548
38.899252
38.585548
38.585548
38.585548
38.585548
38.585548
38.899252
38.585548
38.585548
38.585548
Srednia: 46.343439
