19.135910
17.881096
18.194800
18.194800
18.194800
18.508503
18.194800
18.508503
18.508503
18.194800
18.194800
17.567393
17.567393
18.194800
19.135910
18.508503
18.194800
17.881096
17.881096
18.508503
17.881096
18.194800
17.881096
17.881096
17.881096
17.567393
17.881096
17.253689
17.567393
19.135910
18.508503
18.194800
17.567393
17.881096
17.567393
17.253689
17.567393
17.567393
17.253689
17.567393
17.253689
17.567393
17.253689
16.939986
17.253689
16.939986
17.567393
17.253689
18.508503
18.508503
17.881096
18.194800
17.567393
17.567393
17.567393
17.253689
17.253689
17.567393
17.567393
17.567393
19.135910
18.822207
17.881096
18.822207
17.253689
17.881096
18.822207
18.194800
17.567393
17.253689
17.253689
17.253689
17.253689
16.939986
17.567393
16.939986
17.253689
17.567393
17.253689
17.567393
17.253689
17.253689
17.567393
17.567393
17.567393
17.253689
17.253689
17.253689
18.508503
17.881096
17.567393
17.567393
17.881096
18.508503
20.077020
18.194800
18.822207
18.508503
17.881096
17.567393
Srednia: 17.846589
