42.036288
63.054432
59.917396
86.582205
59.289988
62.427025
58.976285
59.289988
35.448512
69.955912
67.446283
67.446283
59.289988
59.917396
59.603692
62.427025
60.544803
58.348877
35.448512
67.759987
63.054432
62.740728
62.740728
63.054432
60.544803
59.917396
61.799617
61.485914
34.821104
64.936654
64.622950
85.327391
62.740728
52.702212
35.762215
63.054432
63.681839
83.445169
67.759987
62.113321
62.113321
65.877765
59.289988
62.113321
58.662581
60.231099
63.054432
57.721470
65.564061
78.112207
63.681839
61.799617
63.054432
63.681839
58.662581
58.662581
58.976285
68.073690
68.073690
37.017030
59.603692
57.721470
58.035174
57.407766
61.799617
34.821104
63.995543
64.622950
59.289988
58.348877
58.662581
61.485914
59.917396
63.995543
57.407766
68.073690
63.054432
36.389622
36.703326
35.762215
37.017030
263.197355
36.075919
69.328505
43.291103
34.821104
44.545917
44.545917
37.330733
35.762215
36.075919
36.389622
37.017030
36.075919
33.566290
34.193697
36.075919
76.543689
67.446283
61.799617
Srednia: 58.841392
