36.075896
33.252565
34.821082
32.311455
32.938862
32.938862
34.821082
36.075896
34.507379
34.821082
34.821082
32.625158
34.507379
33.252565
35.134786
33.252565
33.252565
33.252565
32.938862
33.566269
35.448489
34.507379
33.566269
33.879972
32.625158
32.938862
33.252565
33.879972
34.821082
33.252565
32.938862
34.193675
34.821082
32.625158
32.311455
40.467744
32.311455
34.507379
34.193675
32.311455
37.644413
33.566269
33.252565
36.075896
33.252565
33.566269
33.566269
34.821082
33.566269
36.075896
35.134786
33.879972
33.879972
33.252565
33.566269
32.938862
34.193675
33.252565
32.938862
32.311455
37.958117
33.252565
32.625158
34.507379
32.311455
33.879972
32.625158
32.938862
123.912861
32.625158
33.566269
35.134786
35.134786
34.193675
35.448489
32.938862
33.879972
31.997751
34.507379
35.762193
35.134786
34.193675
33.879972
34.821082
32.625158
33.566269
33.252565
37.958117
34.507379
36.703303
33.566269
34.193675
32.938862
33.252565
33.566269
33.566269
32.311455
32.938862
32.625158
32.625158
Srednia: 34.861864
