0.627407
1.254815
1.254815
1.254815
0.941111
1.568518
1.254815
2.195925
1.254815
1.254815
0.941111
0.941111
0.941111
0.941111
0.627407
0.941111
1.568518
1.254815
1.254815
0.941111
0.941111
0.941111
0.941111
0.627407
1.882222
1.568518
1.254815
0.941111
1.254815
0.941111
0.941111
1.254815
0.941111
0.941111
1.254815
1.254815
1.254815
0.941111
0.941111
1.568518
0.941111
1.254815
0.941111
1.568518
1.254815
1.254815
1.254815
1.254815
1.254815
1.254815
1.568518
1.254815
1.254815
1.882222
1.254815
1.568518
1.254815
0.941111
1.254815
0.941111
0.627407
1.254815
1.254815
1.254815
1.254815
1.254815
0.941111
0.627407
0.627407
0.941111
1.254815
1.254815
0.941111
1.254815
0.313704
1.568518
0.941111
1.568518
1.254815
1.254815
1.254815
1.568518
1.254815
1.568518
1.568518
1.568518
1.882222
1.568518
1.568518
1.254815
1.568518
0.941111
1.882222
1.254815
1.568518
1.882222
1.882222
1.568518
1.568518
1.882222
Srednia: 1.239129
