2.509628
30.429234
2.195924
2.195924
2.195924
2.195924
2.195924
2.195924
2.195924
1.882221
2.195924
1.882221
22.586648
2.195924
2.195924
2.195924
2.195924
2.195924
1.882221
2.195924
2.823331
2.195924
2.195924
2.195924
5.332959
2.195924
2.195924
2.509628
2.509628
2.195924
2.509628
2.195924
2.195924
2.509628
2.509628
2.195924
2.195924
2.195924
2.195924
2.195924
2.509628
187.594660
2.195924
2.195924
2.509628
2.195924
2.195924
2.195924
2.195924
2.195924
2.195924
2.195924
2.509628
2.195924
2.509628
2.195924
1.882221
2.195924
2.195924
2.195924
2.195924
2.195924
2.195924
2.195924
2.509628
2.195924
2.195924
2.195924
2.195924
1.882221
2.195924
2.195924
2.195924
2.195924
2.195924
2.195924
1.882221
2.509628
2.509628
2.195924
2.195924
2.195924
2.195924
1.882221
2.195924
2.509628
2.195924
2.509628
2.509628
1.882221
2.195924
1.882221
2.195924
2.195924
1.882221
2.195924
2.195924
2.509628
2.195924
2.195924
Srednia: 4.595755
