67.759987
68.387394
66.191468
62.427025
97.248129
70.269616
423.186213
63.995543
58.662581
86.582205
243.747730
302.410311
204.534774
61.485914
81.876650
82.817761
200.770331
131.755529
103.208498
81.876650
77.484799
157.479228
212.063662
1299.360484
136.774788
287.352536
273.863279
74.347763
261.942541
75.288874
83.758872
63.681839
254.413653
63.681839
212.377365
74.347763
276.059205
71.524430
175.360336
312.448827
260.060319
64.309247
71.524430
264.765874
769.828737
73.092949
192.927740
95.365907
187.908481
73.720356
109.796275
60.231099
200.770331
278.882537
55.211841
71.210727
72.151838
69.014801
295.195127
60.231099
237.787360
304.292532
86.895909
117.638866
284.842907
426.950656
74.975170
72.465541
152.146266
81.876650
84.699983
84.386280
84.699983
117.952569
153.714784
85.013687
77.798503
89.719242
77.171096
114.188126
82.817761
80.621836
93.797389
111.364793
108.541460
79.680725
84.072576
89.091834
156.851821
100.071462
97.561833
109.796275
69.955912
103.835905
104.149609
68.701098
95.365907
120.148495
104.149609
86.582205
Srednia: 150.853807
