37.644413
36.703303
36.389600
36.703303
911.622211
36.703303
36.703303
37.958117
37.330710
40.154041
36.703303
37.958117
37.330710
37.330710
37.958117
37.017006
100.698806
36.703303
38.271820
63.368096
36.389600
95.365847
137.715812
37.330710
37.644413
37.330710
38.271820
382.718203
37.330710
36.703303
37.644413
90.973999
37.330710
666.619820
38.271820
37.330710
36.703303
37.958117
3138.602966
70.896979
37.330710
37.017006
37.644413
37.330710
37.017006
37.330710
37.958117
36.703303
37.958117
37.017006
37.330710
43.918482
37.017006
66.505130
37.330710
37.330710
104.776951
38.585524
120.462123
38.899227
37.330710
37.330710
37.330710
41.095151
318.095293
37.330710
36.075896
37.644413
37.330710
36.389600
36.389600
71.838089
43.291075
37.330710
118.893606
36.703303
38.585524
37.330710
37.017006
37.644413
37.017006
37.017006
37.644413
71.524385
36.389600
37.017006
37.017006
45.800703
39.212931
43.918482
37.644413
37.330710
36.389600
36.703303
74.347716
246.257204
456.752216
37.017006
36.703303
71.524385
Srednia: 103.600563
