18.508515
88.150723
17.567404
17.881108
37.644437
17.881108
37.330733
18.194811
37.330733
17.567404
52.074805
37.644437
56.152952
17.567404
45.487028
47.682954
18.194811
18.508515
17.881108
18.508515
17.881108
18.508515
17.567404
18.508515
18.194811
18.508515
17.253700
18.508515
344.446599
42.036288
18.508515
17.881108
17.881108
17.253700
17.881108
16.939997
17.567404
18.508515
16.939997
17.881108
18.508515
18.508515
18.194811
18.508515
18.194811
18.194811
17.881108
18.508515
18.194811
18.194811
17.567404
18.194811
18.194811
18.194811
292.999201
18.194811
17.567404
18.194811
17.881108
18.194811
18.194811
16.939997
17.253700
18.822218
17.567404
18.508515
18.194811
17.881108
18.822218
17.881108
17.881108
17.881108
18.194811
18.194811
17.567404
18.508515
18.194811
17.881108
18.194811
17.881108
17.881108
18.508515
18.194811
17.881108
17.881108
18.194811
16.939997
18.194811
18.194811
17.567404
41.408881
18.194811
1507.345998
25.409995
132.382937
17.253700
87.209612
18.194811
241.238100
18.194811
Srednia: 46.312069
