206.103293
147.440712
143.989972
142.735157
126.736271
138.970713
133.010344
146.813304
141.794046
172.537003
185.085149
133.010344
129.245900
331.584749
154.655895
141.794046
133.637751
173.478114
148.381823
138.970713
136.774788
191.672925
141.480342
145.872193
130.500715
140.225528
202.338849
159.988857
160.929968
155.597006
143.362564
143.989972
145.872193
159.361450
136.461084
168.772559
149.009230
136.147380
145.872193
137.715899
135.206270
157.479228
135.519973
226.807733
152.146266
142.735157
139.598121
299.273274
117.325162
111.364793
102.267387
117.011458
101.012573
117.952569
130.814419
163.753301
132.382937
153.087377
193.868851
149.322933
132.382937
159.675154
126.422568
181.948112
144.931082
134.578862
204.848478
149.009230
421.303991
440.753617
149.636637
151.518859
143.362564
230.258473
146.499601
255.668468
145.872193
134.265159
134.265159
147.127008
182.261816
141.480342
116.697755
156.538117
145.244786
138.657010
146.185897
134.578862
141.794046
136.774788
166.262930
147.127008
148.695526
139.911824
166.890337
135.833677
140.852935
117.325162
162.184783
147.440712
Srednia: 158.279172
