106.972942
365.778446
109.796275
109.482571
276.059205
115.129236
109.796275
90.974056
81.876650
85.954798
126.422568
143.989972
186.653667
233.709213
123.285531
116.697755
122.344420
118.893680
114.188126
154.342192
168.145152
124.854049
126.736271
126.108864
127.991086
117.952569
110.737386
114.188126
181.007001
150.891452
327.192898
165.635523
127.049975
261.001430
218.337735
133.010344
150.264044
132.382937
127.991086
128.304789
120.775902
122.030717
387.423997
158.420339
120.148495
124.226642
150.264044
138.029602
133.951455
155.910710
114.501829
260.687726
117.638866
111.364793
115.756644
150.577748
150.891452
141.480342
143.362564
133.010344
215.828105
149.636637
195.437369
158.420339
143.362564
136.147380
131.128122
134.265159
131.128122
139.598121
139.284417
135.833677
277.627723
156.851821
147.754415
151.205155
144.617379
165.949226
156.851821
134.265159
153.714784
164.067005
556.196557
147.440712
141.794046
143.989972
141.480342
135.833677
208.612922
178.183668
180.379594
136.461084
135.833677
95.365907
137.715899
133.951455
136.147380
269.471428
145.244786
181.634409
Srednia: 157.312965
