8.156290
8.469993
8.156290
7.842586
7.528883
18.822207
8.156290
8.156290
7.842586
8.469993
7.528883
7.215179
9.411103
9.097400
8.469993
8.469993
8.469993
7.842586
8.156290
7.528883
8.156290
9.411103
9.724807
10.352214
9.411103
9.097400
10.038510
9.411103
9.724807
9.097400
9.724807
9.724807
9.411103
9.724807
41.408855
10.665917
9.097400
15.057765
9.411103
9.411103
10.038510
9.411103
9.724807
8.783696
9.097400
9.097400
9.724807
9.097400
8.156290
8.469993
7.842586
7.215179
7.215179
10.352214
9.724807
8.783696
8.469993
8.783696
7.842586
8.469993
9.411103
9.097400
8.469993
7.528883
7.842586
7.215179
7.842586
7.842586
9.724807
8.469993
8.156290
7.842586
9.411103
8.783696
8.156290
10.038510
9.097400
8.469993
8.156290
8.156290
7.842586
8.469993
7.842586
8.156290
10.352214
10.352214
9.097400
8.156290
8.156290
7.215179
6.901476
7.215179
10.038510
10.979621
8.783696
8.156290
8.469993
6.901476
7.215179
7.528883
Srednia: 9.157004
