18.508515
17.567404
16.939997
16.626293
17.253700
16.626293
17.253700
17.253700
17.253700
18.508515
17.253700
17.253700
17.253700
16.626293
17.253700
17.253700
17.253700
17.253700
17.253700
17.253700
16.626293
16.626293
17.253700
18.194811
16.939997
17.253700
16.939997
16.626293
16.939997
16.312589
16.312589
17.253700
16.312589
16.312589
16.312589
16.312589
17.253700
17.253700
16.312589
16.626293
17.253700
17.253700
17.253700
17.253700
17.253700
16.312589
16.312589
17.253700
16.939997
18.508515
16.312589
16.626293
17.253700
17.253700
16.312589
17.567404
16.626293
16.312589
16.312589
17.253700
18.194811
15.998886
17.253700
16.626293
17.253700
16.626293
17.253700
18.194811
17.253700
17.253700
16.939997
17.253700
17.253700
17.253700
17.253700
16.939997
16.312589
16.939997
16.312589
16.312589
16.939997
16.312589
17.253700
16.626293
17.253700
17.253700
17.253700
17.253700
16.312589
16.939997
16.312589
18.508515
17.253700
17.253700
17.253700
17.253700
16.939997
16.939997
17.253700
16.312589
Srednia: 17.024697
