1.254814
1.568517
1.882221
1.568517
1.254814
1.254814
1.254814
1.254814
1.254814
1.254814
1.568517
1.568517
1.254814
1.254814
1.568517
1.568517
0.941110
1.254814
1.568517
1.254814
1.568517
1.254814
0.941110
0.941110
0.941110
1.568517
1.568517
1.568517
1.254814
1.568517
1.254814
0.941110
0.941110
1.254814
0.941110
1.568517
1.882221
1.254814
1.254814
1.882221
1.568517
1.254814
1.254814
1.254814
1.254814
0.941110
4.391848
1.254814
1.882221
4.078145
1.568517
1.254814
0.941110
1.254814
1.254814
1.568517
1.254814
1.568517
1.254814
1.882221
0.941110
1.568517
1.254814
1.568517
1.568517
1.568517
1.568517
0.941110
1.254814
1.254814
1.254814
1.254814
1.568517
1.568517
1.254814
1.254814
1.568517
1.568517
1.882221
1.568517
1.882221
1.568517
1.568517
1.254814
1.254814
0.941110
1.254814
1.254814
1.254814
1.568517
1.568517
1.568517
1.568517
1.568517
1.882221
1.882221
1.254814
1.882221
1.568517
0.941110
Srednia: 1.446173
