36.075919
65.877765
61.485914
63.368136
63.368136
58.976285
73.092949
68.701098
62.740728
79.994429
64.309247
62.427025
68.701098
59.289988
61.485914
60.544803
62.113321
72.465541
63.368136
67.759987
60.231099
36.703326
63.681839
59.603692
62.740728
59.603692
62.427025
60.858506
76.543689
65.877765
64.622950
60.858506
63.368136
59.917396
63.368136
60.544803
62.427025
61.485914
37.017030
59.917396
61.172210
59.289988
60.858506
59.289988
60.231099
63.995543
63.368136
78.739614
63.681839
67.446283
65.250357
61.172210
77.798503
79.994429
66.818876
59.603692
79.680725
64.309247
62.113321
63.054432
83.758872
58.348877
58.662581
60.544803
68.073690
60.544803
82.190354
61.485914
242.492915
62.740728
60.544803
59.289988
63.054432
151.518859
62.427025
66.505172
63.054432
35.134808
174.732928
60.231099
73.092949
62.427025
64.309247
38.271844
61.799617
61.485914
69.955912
61.172210
62.740728
58.976285
58.976285
62.427025
65.250357
59.603692
59.917396
65.564061
63.054432
35.448512
61.172210
87.837020
Srednia: 66.646339
