45.173324
43.291103
237.159953
240.610693
182.261816
36.703326
52.702212
220.533660
35.134808
223.043289
139.598121
290.803276
64.936654
58.348877
34.193697
286.725128
276.686612
36.389622
256.923283
35.448512
34.821104
35.448512
384.600665
160.616265
126.422568
35.448512
35.448512
55.525545
257.236986
34.821104
159.047746
36.075919
60.544803
34.821104
213.632180
36.703326
36.703326
239.983286
162.812190
3364.785260
242.179211
35.762215
35.762215
35.448512
35.762215
213.632180
236.532546
254.727357
231.513288
150.264044
170.341077
168.145152
37.644437
34.821104
34.507401
36.389622
64.309247
238.414768
35.134808
219.278846
35.448512
208.612922
36.389622
243.434026
207.985514
160.929968
155.283303
35.762215
34.821104
34.821104
125.795160
35.762215
491.573606
34.507401
35.762215
219.906253
36.075919
52.074805
220.219956
174.732928
34.193697
35.762215
229.631066
35.762215
33.566290
230.572177
204.534774
35.448512
35.762215
248.139581
35.762215
265.079577
35.448512
35.448512
66.505172
230.572177
36.703326
53.643323
218.024031
37.017030
Srednia: 155.302125
