0.313704
0.627407
0.313704
0.313704
0.313704
0.627407
0.313704
0.313704
0.313704
0.627407
0.313704
0.627407
0.313704
0.941111
0.313704
0.313704
0.313704
0.313704
0.313704
0.313704
0.313704
0.313704
0.627407
0.313704
0.313704
0.627407
0.313704
0.313704
0.313704
0.627407
0.313704
0.313704
0.313704
0.313704
0.627407
0.313704
0.313704
0.627407
0.313704
0.627407
0.313704
0.313704
0.627407
0.313704
0.313704
0.313704
0.313704
0.313704
0.627407
0.313704
0.627407
0.313704
0.627407
0.313704
8.783702
0.313704
0.313704
0.313704
0.313704
0.627407
0.313704
2.509629
0.941111
0.627407
0.313704
0.313704
0.313704
0.313704
0.627407
0.313704
0.313704
0.313704
0.313704
0.313704
0.313704
0.313704
0.627407
0.627407
0.627407
0.313704
0.627407
0.313704
0.313704
0.313704
0.313704
0.313704
0.313704
0.627407
0.313704
0.627407
0.313704
0.313704
0.627407
0.627407
0.313704
0.313704
0.627407
0.313704
0.627407
0.313704
Srednia: 0.517611
