0.313703
0.313703
0.313703
0.313703
0.313703
0.313703
0.313703
0.313703
0.313703
0.313703
0.000000
7.215179
0.313703
0.313703
0.313703
0.313703
0.313703
0.313703
0.000000
0.313703
0.627407
0.313703
0.313703
0.313703
0.313703
0.313703
0.313703
0.313703
0.313703
0.313703
0.000000
0.313703
0.627407
0.313703
0.313703
0.313703
0.313703
0.313703
0.313703
0.313703
0.313703
0.313703
0.313703
0.313703
0.313703
0.313703
0.313703
0.313703
0.313703
0.313703
0.313703
0.313703
0.313703
0.000000
0.313703
0.313703
0.313703
0.313703
0.000000
0.313703
0.313703
0.313703
0.313703
0.313703
0.313703
0.627407
0.627407
0.313703
0.313703
0.627407
0.000000
0.313703
118.579902
0.627407
0.313703
0.313703
0.627407
0.313703
0.313703
0.313703
0.627407
0.313703
0.313703
0.313703
0.000000
0.313703
0.313703
0.313703
0.313703
0.313703
0.313703
0.313703
0.313703
0.627407
0.313703
0.313703
0.313703
0.313703
0.313703
0.313703
Srednia: 1.571654
