2.195925
1.882222
2.195925
1.882222
1.882222
2.195925
2.195925
1.882222
2.195925
2.195925
1.882222
1.882222
1.882222
1.882222
1.882222
1.882222
1.882222
2.195925
2.195925
2.195925
2.195925
2.195925
1.882222
1.882222
1.882222
2.195925
2.195925
1.882222
2.195925
2.195925
2.195925
2.195925
2.195925
2.195925
1.882222
2.195925
2.195925
2.195925
2.195925
2.195925
2.195925
2.195925
2.195925
2.195925
2.195925
1.882222
1.882222
2.195925
2.195925
2.195925
1.882222
6.901480
2.195925
177.869965
2.195925
14.430368
19.763329
1.882222
2.195925
11.607035
4.705555
2.195925
2.195925
8.156295
2.195925
2.195925
2.195925
1.882222
2.195925
1.882222
2.195925
5.332962
2.195925
2.195925
2.195925
2.195925
49.251472
1.882222
1.882222
2.509629
6.901480
2.195925
1.882222
1.882222
2.195925
1.882222
2.195925
26.351106
2.195925
2.195925
2.195925
1.882222
131.755529
127.677382
99.757758
1.882222
1.882222
119.834791
2.195925
2.195925
Srednia: 9.878528
