136.774702
99.130289
80.621785
71.838089
72.465496
78.739565
68.073648
71.524385
73.092903
74.347716
78.112158
116.383978
245.943501
117.325088
72.465496
294.253831
103.208433
99.130289
185.398736
432.283347
72.151792
68.387351
69.955868
70.269572
78.739565
75.602530
78.425861
152.146171
107.286578
325.937879
96.620661
77.798454
117.638792
117.325088
95.993254
88.778075
278.568659
94.111033
103.835840
129.873226
111.992130
100.385102
91.287702
89.091778
115.442868
103.835840
96.306958
110.423613
105.404357
102.894730
94.111033
117.325088
97.875475
92.228813
94.424737
132.069150
96.934364
68.387351
70.583275
73.720310
74.975123
82.190303
74.661420
71.210682
69.642165
71.210682
65.250317
133.637668
105.404357
96.620661
70.583275
90.660296
94.111033
95.679551
88.150668
172.223191
108.855095
94.424737
91.915109
92.542516
87.836965
93.169923
91.915109
75.602530
100.698806
97.248068
92.856220
147.126916
126.108785
822.844136
145.558398
100.385102
105.090654
130.500633
90.660296
87.209558
85.013634
91.287702
83.445116
135.206185
Srednia: 114.689979
