1.882222
1.882222
1.882222
1.882222
2.195925
2.195925
1.882222
2.195925
1.882222
327.192898
2.195925
2.195925
2.195925
1.882222
1.882222
1.882222
2.195925
2.195925
2.195925
2.195925
2.195925
1.882222
2.195925
1.882222
1.882222
2.509629
1.882222
1.882222
2.195925
1.882222
2.195925
2.195925
2.195925
1.882222
2.195925
2.195925
1.882222
1.882222
1.882222
1.882222
2.195925
2.195925
2.195925
2.195925
1.882222
1.882222
2.195925
2.195925
1.882222
1.882222
2.195925
2.195925
2.195925
2.509629
2.195925
1.882222
1.882222
1.882222
1.882222
2.195925
1.882222
2.195925
2.195925
2.195925
2.195925
1.882222
1.882222
2.195925
2.195925
1.882222
2.195925
1.882222
1.882222
2.195925
2.195925
1.882222
2.195925
1.882222
1.882222
2.195925
1.882222
2.195925
1.882222
1.882222
1.882222
1.882222
1.882222
2.195925
1.882222
1.882222
31.997771
2.195925
1.882222
1.882222
1.882222
1.882222
2.195925
2.195925
2.195925
1.882222
Srednia: 5.593336
