2.195925
2.195925
2.195925
2.195925
2.195925
2.195925
2.195925
1.882222
2.195925
1.882222
2.195925
2.195925
2.195925
2.509629
2.195925
2.195925
2.195925
2.195925
2.509629
2.195925
2.195925
2.195925
1.882222
1.882222
2.195925
2.195925
2.195925
2.195925
2.195925
1.882222
2.195925
1.882222
2.195925
2.195925
2.195925
1.882222
2.195925
2.195925
2.195925
1.882222
2.195925
2.195925
2.195925
9.724813
2.195925
2.195925
1.882222
1.882222
2.195925
2.195925
2.195925
1.882222
1.882222
1.882222
1.882222
1.882222
2.195925
2.195925
1.882222
2.195925
2.195925
2.195925
2.195925
1.882222
1.882222
2.195925
2.509629
2.195925
2.195925
1.882222
2.195925
2.195925
2.195925
23.214069
1.882222
2.195925
1.882222
2.195925
1.882222
2.195925
2.195925
1.882222
2.195925
1.882222
1.882222
1.882222
2.195925
2.195925
1.882222
1.882222
2.195925
1.882222
1.882222
1.882222
2.195925
2.195925
1.882222
1.882222
2.195925
2.195925
Srednia: 2.387285
