110.737316
103.208433
103.522137
101.012509
108.227688
109.168799
107.913985
105.718061
104.149544
140.539143
153.714688
158.106536
150.891357
131.441743
325.624176
165.635419
181.634295
138.029516
132.069150
194.496136
139.911736
132.382854
108.227688
145.872102
137.088405
135.833592
129.559523
146.185805
142.107661
250.649052
107.286578
106.659171
108.227688
109.482502
111.051019
106.659171
103.208433
149.009136
146.185805
131.441743
115.129164
142.735067
153.087281
127.991005
157.479129
141.480254
133.637668
240.610542
154.655798
149.322840
140.539143
138.970626
127.363599
140.225440
178.810964
149.322840
142.107661
137.715812
136.774702
127.049895
132.382854
104.463247
127.049895
171.595784
137.088405
238.414618
137.715812
115.129164
147.754323
140.852847
142.107661
165.321715
141.480254
393.384120
148.695433
138.656923
312.762335
135.206185
188.222067
128.304709
112.619537
146.499509
133.637668
162.184681
192.300212
126.736192
127.363599
137.402109
153.400985
148.381729
141.166550
134.265074
128.618412
127.363599
131.441743
335.035279
150.891357
134.892481
139.284330
98.189178
Srednia: 147.161423
