37.330733
621.760618
37.330733
36.389622
36.075919
37.017030
38.585548
35.134808
35.134808
35.448512
35.762215
35.762215
36.389622
36.075919
35.762215
36.075919
45.487028
37.017030
36.703326
35.448512
35.762215
34.507401
34.507401
35.448512
36.075919
34.821104
35.134808
35.762215
37.330733
35.448512
35.134808
38.271844
37.958141
36.703326
36.389622
36.075919
35.448512
36.075919
35.134808
37.330733
37.330733
36.075919
36.389622
35.448512
36.389622
35.448512
293.626609
37.017030
35.134808
37.017030
37.644437
35.448512
43.291103
34.821104
35.134808
35.134808
36.703326
35.134808
34.507401
35.448512
36.075919
35.134808
34.821104
35.448512
36.389622
36.389622
35.448512
35.134808
35.134808
37.330733
34.821104
35.134808
35.762215
34.821104
35.448512
35.762215
36.389622
36.389622
35.762215
39.526659
37.330733
34.821104
36.075919
34.507401
35.448512
47.369250
35.762215
35.448512
34.821104
35.134808
35.448512
44.232213
37.017030
35.762215
36.389622
37.017030
35.762215
36.075919
36.075919
36.389622
Srednia: 44.771784
