10.665917
10.038510
11.607027
10.665917
10.352214
9.724807
10.665917
9.724807
9.097400
8.783696
9.097400
8.469993
9.097400
8.783696
8.783696
10.979621
11.293324
9.724807
8.783696
9.411103
8.783696
8.783696
11.920731
10.352214
9.411103
10.352214
9.411103
8.156290
8.156290
7.842586
10.665917
10.352214
10.038510
9.097400
8.156290
8.469993
7.528883
8.156290
7.528883
10.352214
9.724807
9.097400
10.038510
12.548138
10.979621
10.038510
11.293324
10.979621
9.724807
9.411103
8.783696
9.097400
9.411103
9.097400
27.292200
8.469993
10.665917
11.607027
10.352214
10.352214
10.038510
9.724807
9.411103
49.565144
10.665917
10.352214
9.724807
8.783696
8.469993
7.842586
7.842586
7.215179
11.920731
10.979621
10.038510
9.724807
9.097400
8.469993
106.345468
9.411103
12.234434
10.979621
10.665917
10.038510
9.097400
8.469993
10.352214
10.038510
8.469993
10.979621
9.724807
9.411103
9.097400
9.097400
41.408855
8.783696
7.842586
8.469993
10.979621
10.979621
Srednia: 11.509779
