8.783702
8.783702
8.156295
7.842591
7.842591
8.156295
8.783702
9.411109
9.411109
9.724813
9.097406
39.212955
12.234442
8.783702
8.783702
8.469998
8.783702
9.724813
9.097406
8.469998
9.097406
8.469998
7.842591
8.469998
11.293331
10.038517
10.352220
8.783702
9.411109
8.783702
8.783702
8.469998
8.783702
10.352220
10.038517
9.097406
9.411109
9.411109
10.038517
52.074805
9.724813
9.724813
9.724813
9.097406
9.097406
9.411109
9.411109
8.783702
8.783702
10.665924
9.724813
11.607035
9.097406
9.411109
8.783702
7.528887
7.528887
12.861849
9.097406
9.411109
9.411109
7.842591
7.528887
7.215184
5.960369
8.156295
10.352220
9.724813
10.038517
9.097406
8.469998
9.411109
8.156295
10.979627
8.469998
8.469998
8.469998
8.156295
7.842591
7.528887
10.038517
9.724813
9.724813
8.469998
8.156295
8.156295
7.528887
8.469998
9.097406
9.411109
10.038517
9.411109
7.528887
7.528887
10.038517
7.528887
8.469998
38.899252
10.665924
10.038517
Srednia: 10.082435
