17.567393
23.841462
37.017006
36.389600
35.762193
35.448489
262.256080
18.194800
45.487000
17.881096
36.703303
38.271820
36.703303
35.134786
36.075896
16.312579
16.626283
30.742938
17.567393
16.939986
36.389600
36.703303
17.881096
17.881096
36.075896
35.762193
38.271820
16.626283
51.447365
38.271820
83.758820
37.330710
39.212931
44.545889
16.626283
35.134786
35.134786
124.853971
18.194800
38.271820
37.017006
16.939986
44.232186
37.330710
36.389600
16.939986
17.253689
35.134786
17.881096
44.859593
27.919607
34.821082
34.821082
17.567393
16.939986
18.194800
46.741813
28.233310
17.253689
17.881096
27.919607
38.271820
36.703303
17.567393
17.881096
18.194800
37.017006
1056.866906
40.467744
36.703303
37.644413
37.017006
35.448489
38.585524
27.919607
17.567393
44.545889
17.567393
16.939986
17.881096
17.253689
18.194800
18.822207
17.881096
17.567393
16.939986
16.939986
16.626283
18.194800
17.253689
36.075896
34.507379
36.075896
28.233310
36.075896
17.253689
18.822207
36.703303
28.233310
37.330710
Srednia: 42.773465
