35.448512
35.134808
34.507401
33.879993
32.938882
33.566290
34.507401
34.193697
32.938882
33.252586
35.448512
32.938882
31.997771
32.311475
32.311475
32.625179
33.252586
34.507401
35.448512
33.566290
33.252586
34.507401
32.311475
33.879993
93.483685
36.075919
35.762215
32.938882
32.311475
32.938882
34.507401
32.625179
33.879993
33.252586
32.938882
32.938882
32.938882
32.938882
34.507401
32.625179
33.566290
32.311475
32.311475
36.703326
55.525545
32.938882
31.997771
34.193697
34.507401
34.507401
33.252586
32.938882
32.311475
34.507401
32.625179
34.193697
34.193697
32.625179
34.507401
32.625179
32.938882
33.879993
37.017030
32.625179
40.154066
35.762215
35.134808
34.193697
32.938882
31.997771
32.938882
32.311475
34.507401
34.507401
32.311475
31.997771
32.311475
33.252586
33.252586
32.938882
33.879993
32.625179
32.938882
36.703326
32.938882
32.311475
33.252586
34.507401
32.625179
35.762215
33.252586
33.566290
32.625179
33.252586
32.311475
33.566290
33.566290
32.938882
33.879993
34.507401
Srednia: 34.457208
