2.195925
2.195925
2.195925
1.882222
8.783702
2.195925
1.882222
1.882222
1.882222
1.882222
1.882222
1.882222
1.882222
2.195925
2.195925
2.195925
1.882222
1.882222
2.195925
2.195925
1.882222
2.195925
1.882222
1.882222
2.195925
1.882222
2.195925
2.195925
2.195925
2.509629
1.882222
1.882222
2.195925
1.882222
1.882222
1.882222
1.882222
2.195925
2.195925
1.882222
2.195925
1.882222
1.882222
1.882222
2.195925
2.195925
2.509629
2.195925
1.882222
1.882222
2.195925
2.195925
2.195925
2.195925
1.882222
2.195925
1.882222
2.195925
2.195925
2.195925
2.195925
2.195925
1.882222
1.882222
2.195925
2.195925
2.195925
1.882222
1.882222
1.882222
2.195925
2.509629
2.195925
1.882222
1.882222
1.882222
2.195925
2.195925
2.195925
1.882222
2.195925
1.882222
1.882222
2.195925
1.882222
2.195925
2.195925
2.195925
2.195925
2.195925
2.195925
2.195925
1.882222
2.195925
2.195925
2.195925
2.195925
2.195925
2.195925
2.195925
Srednia: 2.142596
