2.195925
1.882222
1.882222
2.195925
2.195925
1.882222
1.882222
2.195925
1.882222
2.195925
2.195925
2.195925
2.195925
1.882222
2.195925
1.882222
2.195925
2.195925
2.195925
2.195925
2.195925
1.882222
2.195925
2.195925
2.195925
1.882222
2.195925
2.195925
1.882222
2.195925
2.195925
2.195925
2.195925
1.882222
2.195925
2.195925
2.195925
1.882222
1.882222
1.882222
1.882222
1.882222
1.882222
2.195925
1.882222
1.882222
1.882222
1.882222
1.568518
1.882222
1.882222
1.882222
1.568518
1.882222
2.195925
2.195925
2.195925
1.882222
1.882222
1.882222
1.882222
1.882222
1.882222
1.882222
1.882222
1.882222
1.882222
1.882222
1.568518
1.882222
1.882222
1.568518
1.882222
1.882222
1.882222
1.882222
2.195925
2.195925
2.195925
2.195925
1.882222
1.882222
1.882222
1.882222
1.882222
1.882222
1.568518
1.882222
1.568518
1.568518
2.195925
1.882222
1.882222
1.882222
1.568518
1.568518
2.195925
2.195925
1.882222
1.568518
Srednia: 1.966922
