159.047647
133.637668
93.797330
94.111033
85.327337
93.169923
94.738440
90.660296
146.813212
104.463247
103.835840
104.776951
101.953620
92.856220
88.464371
91.601406
116.383978
103.208433
90.973999
97.248068
94.111033
110.737316
99.130289
95.052144
124.226564
107.600282
98.502882
93.797330
94.111033
95.679551
91.915109
89.719185
101.326213
234.022770
122.658047
90.660296
96.934364
90.660296
92.228813
190.731694
104.776951
97.248068
114.501757
90.032889
96.620661
92.228813
111.051019
128.304709
112.619537
97.248068
93.797330
92.228813
89.091778
97.248068
112.933240
115.442868
139.284330
90.973999
87.209558
90.346592
94.111033
91.287702
95.679551
80.935489
161.243571
101.953620
88.778075
102.581026
90.973999
94.424737
164.380605
117.325088
97.561771
89.405482
92.228813
87.836965
91.915109
88.778075
86.268447
95.052144
74.347716
95.993254
90.660296
98.189178
90.660296
90.032889
90.660296
70.583275
99.443992
187.594660
87.209558
90.973999
88.150668
98.189178
91.287702
85.954744
100.385102
95.993254
92.542516
129.245819
Srednia: 103.148830
