207.671811
161.243672
121.403309
116.697755
137.088491
111.364793
126.108864
119.521087
118.579977
118.579977
358.249559
149.636637
122.344420
175.674039
161.243672
103.835905
180.065890
158.106635
253.786246
139.598121
134.892566
127.991086
121.403309
126.422568
248.139581
95.993314
128.304789
133.637751
122.030717
137.402195
141.480342
216.455513
186.653667
122.971828
130.187011
126.736271
126.108864
121.089606
117.325162
117.638866
180.379594
291.116979
111.992200
158.734043
131.441826
129.559604
122.030717
122.344420
119.207384
178.811076
160.929968
199.829220
131.755529
127.991086
120.775902
118.579977
153.401081
139.911824
172.850707
141.794046
129.245900
143.048861
123.599235
122.030717
120.462198
117.952569
112.933311
108.855164
108.855164
172.223299
108.855164
158.420339
139.284417
128.304789
119.521087
117.638866
112.933311
171.595892
140.225528
131.441826
138.343306
127.363679
138.657010
165.008116
189.163296
124.854049
90.032945
157.479228
142.421453
141.794046
130.814419
144.617379
121.717013
117.952569
118.579977
118.579977
122.971828
157.165524
116.384051
851.705387
Srednia: 149.401359
