2.195924
1.882221
2.195924
2.195924
2.195924
2.195924
1.882221
1.882221
2.195924
2.195924
2.195924
1.882221
2.195924
2.195924
2.195924
2.195924
2.195924
2.195924
1.882221
2.195924
2.195924
2.195924
2.195924
2.195924
1.882221
1.882221
2.195924
2.195924
2.509628
1.882221
2.195924
2.195924
2.195924
2.195924
2.195924
2.195924
2.823331
1.882221
2.195924
1.882221
1.882221
2.195924
2.195924
2.195924
1.882221
2.195924
2.509628
2.195924
1.882221
1.882221
2.195924
2.195924
2.195924
5.960365
2.195924
2.195924
2.195924
1.882221
2.195924
2.195924
2.509628
2.195924
1.882221
2.195924
5.332959
2.195924
2.195924
2.195924
2.195924
2.195924
2.509628
2.195924
2.195924
2.195924
2.195924
2.509628
2.195924
2.195924
2.195924
2.195924
2.195924
2.509628
2.509628
2.195924
2.195924
2.195924
1.882221
2.195924
2.509628
1.882221
2.509628
2.195924
2.509628
2.195924
2.195924
2.195924
2.195924
2.195924
2.195924
2.195924
Srednia: 2.246117
