1.254815
1.254815
1.254815
0.941111
0.627407
1.254815
1.254815
1.254815
1.568518
1.254815
1.568518
1.568518
1.254815
8.469998
1.254815
1.254815
1.254815
0.941111
0.627407
0.941111
0.627407
1.568518
1.254815
0.941111
1.568518
1.254815
0.941111
2.823333
0.941111
1.568518
0.627407
0.941111
1.254815
0.941111
1.254815
1.254815
0.941111
0.941111
0.941111
0.941111
0.627407
1.254815
1.568518
0.941111
0.941111
1.254815
1.254815
0.627407
0.941111
0.941111
0.941111
0.627407
1.254815
0.941111
0.941111
1.254815
0.941111
0.941111
1.254815
1.254815
0.627407
0.627407
0.313704
1.254815
0.627407
0.313704
0.627407
0.941111
1.254815
1.254815
1.254815
1.568518
0.941111
1.568518
0.941111
0.941111
0.627407
0.941111
0.941111
1.254815
1.254815
0.627407
1.254815
0.941111
1.254815
0.627407
1.254815
0.941111
1.254815
1.254815
0.627407
0.941111
0.941111
1.254815
0.941111
1.254815
1.254815
0.941111
1.254815
0.941111
Srednia: 1.151292
