34.821082
34.507379
35.762193
34.507379
33.252565
32.311455
34.193675
34.821082
32.625158
33.879972
32.311455
34.507379
34.507379
34.507379
34.193675
33.879972
34.821082
34.507379
32.938862
33.252565
34.821082
32.938862
35.134786
36.389600
33.879972
33.879972
33.252565
34.821082
34.507379
34.821082
34.507379
33.566269
34.507379
33.252565
34.507379
33.879972
35.134786
32.938862
32.938862
32.938862
35.448489
33.879972
35.762193
33.252565
34.507379
32.938862
32.311455
34.821082
34.507379
35.448489
34.821082
35.762193
33.566269
33.252565
33.252565
34.821082
34.821082
37.958117
33.879972
32.625158
32.938862
31.997751
32.625158
34.507379
32.938862
32.625158
34.193675
32.938862
34.193675
32.625158
32.625158
35.762193
35.448489
33.879972
33.252565
34.193675
35.134786
32.625158
33.252565
34.193675
855.469294
34.821082
34.193675
33.566269
33.566269
35.134786
33.252565
35.134786
33.879972
33.879972
33.879972
34.507379
35.448489
32.625158
33.566269
34.193675
32.938862
32.938862
34.507379
34.821082
Srednia: 42.246443
