18.508503
18.822207
31.997751
18.194800
18.508503
17.567393
17.567393
17.567393
16.626283
18.508503
18.194800
16.312579
18.194800
17.567393
16.626283
16.939986
16.312579
17.567393
17.253689
17.253689
16.626283
16.626283
17.253689
16.312579
18.508503
16.939986
17.567393
17.567393
18.194800
17.253689
16.939986
17.567393
17.881096
17.253689
16.312579
17.567393
16.626283
16.626283
16.939986
17.881096
16.939986
16.939986
24.468869
18.194800
17.253689
17.567393
18.508503
18.508503
18.194800
18.194800
18.194800
17.881096
17.567393
18.194800
18.194800
18.194800
17.881096
17.881096
18.194800
17.881096
19.135910
17.881096
18.194800
18.508503
18.194800
17.881096
17.881096
17.567393
17.881096
18.194800
17.567393
16.939986
18.508503
2002.996495
18.194800
17.881096
17.253689
17.253689
17.567393
20.077020
18.508503
17.881096
17.881096
17.567393
17.881096
18.194800
18.194800
18.194800
17.881096
17.881096
17.881096
18.822207
17.567393
20.390724
42.977372
17.881096
19.135910
17.881096
17.253689
17.253689
Srednia: 38.080461
