0.627407
0.313703
0.627407
0.313703
0.627407
0.627407
0.627407
0.313703
0.627407
0.313703
0.313703
0.313703
0.313703
0.941110
0.627407
0.313703
0.313703
0.313703
0.627407
0.627407
0.627407
0.313703
0.313703
0.313703
0.313703
0.313703
0.627407
0.313703
0.313703
0.313703
0.313703
0.313703
0.313703
0.313703
0.313703
0.313703
0.627407
0.627407
0.627407
0.627407
0.627407
0.313703
0.627407
0.627407
0.627407
0.627407
0.627407
0.313703
0.313703
0.313703
0.313703
0.313703
0.313703
0.627407
0.627407
0.627407
0.627407
0.627407
0.313703
0.627407
0.627407
0.313703
0.627407
0.313703
0.313703
0.313703
0.313703
0.627407
0.627407
0.627407
0.627407
0.627407
0.627407
0.627407
0.627407
0.313703
0.313703
0.313703
0.627407
0.627407
0.627407
0.313703
0.313703
0.941110
0.627407
0.313703
0.627407
0.627407
0.627407
0.627407
0.313703
0.627407
0.627407
0.627407
0.627407
0.627407
0.627407
0.627407
0.941110
0.627407
Srednia: 0.498788
