7.528887
9.097406
9.411109
9.097406
8.783702
10.038517
9.097406
10.352220
8.469998
8.469998
9.411109
8.156295
8.469998
9.724813
9.411109
23.527773
6.901480
6.587776
7.215184
10.979627
6.901480
5.646666
10.979627
9.411109
8.156295
5.960369
5.019258
10.038517
6.901480
6.901480
6.587776
6.274073
8.469998
6.901480
6.587776
6.274073
9.724813
9.724813
8.783702
9.097406
8.783702
8.156295
8.156295
7.528887
87.523316
9.411109
10.352220
39.526659
8.156295
8.783702
8.156295
7.528887
10.352220
9.724813
9.097406
8.469998
8.469998
8.783702
8.783702
8.783702
15.371478
9.411109
9.411109
9.411109
8.469998
9.724813
10.979627
9.724813
9.411109
9.097406
8.783702
9.097406
8.156295
8.469998
8.156295
8.156295
8.156295
10.038517
9.724813
22.272959
9.411109
8.156295
6.274073
8.783702
10.352220
9.097406
8.783702
8.156295
51.761101
6.587776
8.469998
8.469998
11.293331
13.802960
194.809961
8.783702
10.038517
9.097406
8.783702
9.097406
Srednia: 12.416390
