158.420240
101.326213
94.424737
292.999017
96.620661
94.424737
130.186930
91.915109
147.126916
98.502882
93.797330
92.228813
66.505130
95.679551
98.189178
97.248068
99.443992
107.600282
96.306958
97.248068
95.679551
96.306958
102.581026
95.365847
90.973999
110.737316
103.522137
102.581026
102.267323
70.583275
161.557274
93.483627
85.327337
92.856220
143.676178
78.112158
106.972875
95.052144
101.326213
95.052144
90.973999
111.364723
110.423613
94.111033
89.719185
101.326213
90.660296
89.719185
93.483627
91.915109
167.203936
127.991005
97.561771
87.836965
116.070275
64.622910
72.465496
64.936613
80.935489
64.309206
65.877723
68.387351
68.387351
76.543641
74.661420
66.818834
62.740689
71.838089
110.737316
142.107661
109.482502
76.857344
73.406606
101.326213
92.228813
89.719185
134.265074
104.776951
97.248068
115.756571
75.288827
66.818834
69.328461
77.484751
72.151792
73.720310
111.051019
152.146171
112.619537
127.363599
98.502882
92.856220
77.484751
70.583275
79.053268
69.642165
109.796206
602.310614
73.092903
74.975123
Srednia: 102.712782
