0.313704
0.627407
0.627407
0.313704
0.313704
0.313704
0.627407
0.313704
0.313704
0.627407
0.313704
0.313704
0.313704
0.627407
0.627407
0.313704
0.627407
0.941111
0.313704
0.313704
0.627407
0.627407
0.313704
0.313704
0.313704
0.313704
0.627407
0.313704
0.313704
0.627407
0.313704
0.627407
0.627407
0.313704
0.313704
0.313704
0.313704
0.313704
0.627407
0.627407
0.313704
0.627407
0.313704
0.313704
0.313704
0.313704
0.313704
0.313704
0.000000
0.313704
0.313704
0.313704
0.313704
0.313704
0.313704
0.313704
0.000000
0.000000
0.313704
0.313704
0.313704
0.000000
0.313704
0.313704
0.313704
0.313704
0.313704
0.313704
0.313704
0.000000
0.313704
0.313704
0.313704
0.313704
0.313704
0.313704
0.313704
0.313704
0.313704
0.313704
0.313704
0.313704
0.313704
0.000000
0.313704
1.568518
0.313704
0.313704
0.313704
0.000000
0.000000
0.000000
0.313704
0.313704
0.313704
0.000000
0.313704
0.313704
0.000000
0.000000
Srednia: 0.345074
