0.313704
0.313704
0.627407
0.313704
0.627407
0.627407
0.627407
0.313704
0.313704
0.313704
0.313704
0.313704
0.313704
0.627407
0.627407
0.627407
0.627407
0.313704
0.313704
0.313704
0.313704
0.313704
0.627407
0.627407
0.627407
0.313704
0.313704
0.313704
0.313704
0.313704
0.313704
0.313704
0.313704
0.313704
0.627407
0.627407
0.313704
0.627407
0.627407
0.313704
0.313704
0.627407
0.627407
0.313704
0.313704
0.313704
0.313704
0.313704
0.313704
0.313704
0.313704
0.313704
0.313704
0.313704
0.313704
0.627407
0.313704
0.627407
0.313704
0.313704
0.313704
0.313704
0.313704
0.627407
0.313704
0.627407
0.627407
0.627407
0.313704
0.627407
0.313704
0.313704
0.627407
0.313704
0.313704
0.627407
0.313704
0.313704
0.313704
0.627407
0.627407
0.313704
0.313704
0.313704
0.941111
0.313704
0.313704
0.313704
0.313704
0.313704
0.627407
0.313704
0.313704
0.313704
0.627407
0.313704
0.627407
0.313704
0.627407
0.313704
Srednia: 0.420363
