36.389600
36.703303
35.134786
34.821082
38.271820
34.821082
34.507379
34.507379
34.507379
35.134786
34.821082
34.821082
33.879972
35.448489
35.762193
93.797330
36.389600
38.271820
37.017006
36.389600
35.762193
56.466620
39.526634
35.762193
37.017006
36.703303
72.151792
38.899227
37.330710
36.389600
36.703303
36.703303
35.762193
35.762193
35.448489
35.134786
40.467744
35.762193
35.134786
37.017006
36.703303
41.095151
36.703303
35.448489
37.330710
35.762193
35.448489
35.134786
35.134786
35.134786
34.821082
34.507379
34.507379
34.507379
34.821082
34.821082
35.448489
34.507379
34.821082
34.507379
34.821082
34.821082
34.507379
34.821082
45.173296
37.017006
36.703303
35.448489
34.821082
35.134786
34.821082
35.448489
34.507379
34.507379
34.821082
34.507379
34.507379
34.821082
34.193675
34.821082
34.193675
34.821082
37.330710
35.762193
35.448489
35.762193
34.507379
34.193675
35.134786
36.075896
35.762193
36.075896
34.821082
35.448489
34.821082
37.330710
36.075896
38.585524
35.448489
35.134786
Srednia: 36.954266
