213.318476
106.345535
91.601463
89.405538
58.035174
87.209612
78.425910
71.210727
78.739614
75.602578
104.777016
91.601463
80.308132
81.249243
75.288874
80.935540
203.279960
90.032945
80.308132
122.344420
95.052203
84.072576
90.032945
81.562947
75.602578
84.072576
72.465541
135.206270
109.482571
317.468085
95.365907
90.032945
83.131465
63.054432
85.327391
57.094063
70.897023
63.995543
67.132579
65.877765
62.740728
60.858506
70.583319
311.821420
69.014801
101.953684
346.015117
138.029602
1918.297769
269.785132
564.980259
74.661467
84.386280
238.101064
97.248129
91.915167
64.622950
79.053318
358.563262
348.211042
103.835905
81.876650
65.564061
200.142923
405.618809
348.838450
66.191468
111.051089
196.692183
239.669582
75.288874
72.465541
254.413653
194.809961
73.406652
74.347763
104.777016
79.053318
67.132579
261.001430
97.561833
274.804390
93.483685
102.267387
329.388824
355.426226
311.507716
72.465541
80.308132
265.393281
205.162182
77.171096
67.132579
76.229985
276.372908
76.543689
108.541460
229.631066
226.494029
58.976285
Srednia: 156.588310
