1.254814
1.254814
0.941110
0.941110
1.254814
1.254814
1.254814
1.568517
1.254814
1.254814
1.254814
0.941110
1.568517
1.568517
1.882221
1.254814
1.254814
1.254814
1.254814
1.254814
1.254814
1.254814
1.254814
1.254814
1.568517
1.568517
1.254814
1.254814
0.941110
0.941110
1.254814
1.254814
1.568517
1.254814
1.568517
1.254814
0.941110
0.627407
0.941110
0.627407
1.568517
1.254814
1.254814
1.254814
1.254814
0.941110
0.941110
0.941110
1.568517
1.254814
1.254814
1.254814
1.568517
0.941110
1.568517
1.254814
1.568517
1.254814
1.254814
0.941110
1.254814
1.254814
0.941110
1.254814
0.627407
0.941110
1.254814
1.254814
1.568517
1.254814
0.941110
1.254814
1.254814
1.254814
1.254814
1.254814
1.254814
1.254814
1.568517
1.254814
0.941110
1.568517
1.254814
1.254814
1.254814
0.941110
0.941110
0.941110
0.627407
1.568517
1.568517
1.254814
1.254814
0.941110
1.568517
1.882221
1.254814
1.254814
1.882221
1.254814
Srednia: 1.242266
