7.215184
9.411109
9.097406
8.783702
8.783702
8.156295
7.528887
7.842591
9.097406
10.038517
78.425910
7.528887
7.528887
6.274073
8.469998
6.274073
14.116664
8.156295
9.724813
7.215184
8.469998
7.842591
8.469998
8.783702
8.469998
8.156295
9.724813
9.724813
8.156295
35.448512
10.038517
9.097406
8.156295
15.371478
9.724813
8.156295
8.469998
8.783702
9.724813
62.740728
7.842591
7.528887
8.156295
9.411109
10.979627
9.411109
8.469998
9.097406
8.783702
7.528887
7.842591
9.724813
8.469998
9.724813
9.097406
8.156295
7.842591
8.469998
7.528887
10.352220
8.469998
8.469998
9.411109
8.783702
8.469998
8.469998
8.156295
50.506286
9.411109
9.097406
8.156295
8.783702
8.469998
8.783702
9.411109
10.352220
9.097406
8.783702
8.156295
8.783702
8.469998
8.783702
8.469998
37.017030
10.038517
8.783702
8.783702
10.038517
10.038517
9.097406
8.469998
8.469998
9.724813
9.097406
8.783702
9.097406
10.352220
7.842591
9.724813
8.156295
Srednia: 11.048642
