156.224414
99.444054
79.053318
77.798503
91.601463
102.894794
85.327391
84.699983
76.857392
294.254016
128.618493
85.641094
79.367021
79.053318
84.386280
78.739614
86.582205
99.130351
101.639980
95.679611
98.816647
90.974056
79.680725
81.249243
77.171096
78.112207
80.308132
76.543689
97.561833
137.402195
82.190354
77.171096
87.523316
95.679611
86.268501
98.816647
117.325162
106.972942
96.620722
83.758872
79.994429
231.826991
83.758872
82.817761
74.975170
84.072576
453.615466
97.248129
109.796275
85.641094
95.993314
86.895909
79.994429
300.214385
91.601463
104.149609
94.738500
81.562947
62.113321
68.701098
67.446283
79.680725
82.190354
69.014801
63.995543
68.387394
63.995543
129.873308
98.189240
150.577748
85.641094
79.680725
75.602578
72.151838
67.759987
93.483685
109.482571
77.171096
99.757758
88.464427
89.405538
85.013687
106.972942
81.562947
79.680725
73.406652
76.543689
122.344420
149.636637
90.032945
84.072576
228.062547
84.699983
85.013687
79.367021
133.637751
94.738500
89.405538
88.464427
76.857392
Srednia: 100.683184
