2.195924
2.195924
2.195924
2.195924
2.195924
1.882221
2.823331
2.195924
2.823331
2.823331
2.509628
1.882221
1.882221
2.195924
2.195924
2.509628
2.195924
1.882221
2.195924
2.195924
2.195924
2.195924
2.195924
2.195924
2.195924
2.823331
2.195924
2.195924
2.195924
2.195924
2.195924
2.195924
2.195924
2.195924
2.195924
2.195924
2.195924
2.195924
2.509628
2.195924
2.195924
1.882221
2.509628
1.882221
2.509628
53.015882
1.882221
2.195924
2.195924
55.525510
2.195924
2.195924
2.195924
1.882221
2.195924
2.195924
2.195924
2.195924
2.195924
2.195924
2.195924
1.882221
2.195924
1.882221
2.195924
1.882221
2.195924
2.195924
2.195924
1.882221
1.882221
2.195924
2.195924
2.195924
1.882221
2.195924
2.509628
2.195924
2.195924
2.195924
2.195924
1.882221
2.195924
2.195924
2.195924
2.195924
1.882221
2.195924
1.882221
2.195924
2.195924
2.195924
2.195924
2.195924
2.195924
2.195924
2.823331
81.876599
2.195924
1.882221
Srednia: 4.027952
