2.195924
2.509628
2.195924
2.195924
2.195924
2.195924
2.195924
2.195924
2.195924
2.195924
2.195924
2.195924
2.195924
2.195924
2.195924
2.195924
2.195924
2.195924
1.882221
2.195924
2.195924
2.823331
2.195924
2.195924
2.195924
2.509628
2.195924
54.270696
2.195924
2.195924
2.195924
2.509628
5.332959
2.195924
2.195924
16.626283
2.195924
2.509628
2.195924
2.195924
1.882221
2.195924
1.882221
1.882221
2.195924
1.568517
1.882221
1.568517
1.882221
1.568517
1.882221
1.568517
1.882221
2.195924
1.882221
1.882221
1.882221
1.882221
1.882221
1.882221
1.568517
1.882221
1.882221
1.882221
1.882221
2.195924
2.195924
2.195924
1.568517
1.568517
1.568517
1.882221
1.882221
2.195924
1.882221
1.882221
1.882221
1.882221
2.195924
1.882221
1.882221
1.882221
2.195924
2.509628
2.195924
2.195924
1.882221
1.882221
1.882221
1.882221
1.882221
2.195924
1.568517
2.195924
1.882221
2.509628
2.195924
1.882221
1.568517
1.882221
Srednia: 2.744905
