44.545917
23.841477
18.194811
331.271046
18.508515
18.822218
18.508515
18.822218
18.194811
18.508515
18.822218
18.194811
42.663695
18.508515
18.508515
50.819990
19.135922
18.508515
18.194811
18.508515
18.508515
18.508515
18.508515
19.763329
19.135922
18.508515
18.508515
18.508515
20.077033
18.508515
47.369250
29.801846
18.508515
18.822218
18.822218
18.194811
19.449626
59.917396
985.656842
687.010975
18.822218
20.077033
18.822218
18.508515
18.822218
18.508515
18.822218
18.822218
18.508515
18.508515
18.508515
18.194811
19.449626
19.135922
19.449626
53.015915
39.212955
31.997771
18.508515
19.135922
18.508515
18.822218
18.822218
18.508515
18.822218
18.194811
18.822218
18.822218
18.508515
19.135922
19.135922
18.508515
32.625179
186.339963
19.135922
18.508515
18.508515
19.449626
18.508515
18.822218
18.194811
18.508515
37.958141
18.822218
18.194811
18.508515
39.212955
18.508515
18.508515
18.508515
18.822218
18.508515
18.508515
19.135922
27.605920
18.822218
18.822218
21.331848
19.449626
18.508515
Srednia: 42.889562
