34.507401
32.625179
34.507401
34.507401
34.821104
32.938882
34.507401
32.311475
32.938882
32.938882
34.193697
35.448512
32.938882
34.821104
34.193697
35.448512
34.507401
36.389622
34.507401
33.566290
34.507401
34.507401
34.821104
34.507401
34.193697
34.507401
54.898137
32.625179
32.311475
34.507401
33.252586
34.507401
34.193697
33.566290
32.311475
33.252586
32.625179
52.388508
32.938882
34.507401
33.252586
32.938882
32.625179
34.507401
535.805820
36.389622
35.134808
35.134808
36.703326
42.663695
33.566290
36.389622
33.252586
34.507401
37.017030
37.017030
32.938882
34.821104
38.899252
34.507401
33.252586
34.821104
34.821104
33.879993
504.435456
34.507401
32.938882
36.075919
33.252586
33.879993
35.134808
34.507401
34.193697
34.193697
34.821104
32.938882
34.507401
34.507401
35.762215
34.507401
34.821104
35.448512
34.507401
34.821104
33.566290
34.193697
33.252586
34.507401
37.958141
33.566290
35.448512
34.821104
34.821104
34.507401
35.448512
34.821104
36.075919
35.448512
34.821104
34.507401
Srednia: 44.599247
