17.881096
17.253689
16.939986
16.626283
16.939986
17.253689
16.626283
16.626283
16.626283
16.626283
17.567393
17.881096
17.253689
16.626283
16.626283
16.939986
17.253689
16.312579
16.626283
16.626283
16.312579
17.881096
17.567393
16.939986
17.253689
16.626283
16.939986
17.881096
16.626283
16.939986
17.881096
16.312579
16.626283
17.253689
16.312579
17.253689
17.567393
17.881096
17.253689
17.253689
16.939986
17.567393
16.939986
23.841462
17.567393
17.253689
18.508503
16.626283
19.449614
17.253689
17.567393
17.881096
17.881096
16.939986
16.626283
17.253689
19.135910
16.939986
16.939986
17.567393
17.881096
17.567393
16.939986
16.939986
16.626283
16.939986
16.626283
17.567393
16.312579
16.626283
17.567393
17.253689
16.626283
17.253689
17.253689
30.429234
20.704427
17.253689
16.939986
16.626283
16.626283
16.939986
18.194800
17.567393
17.253689
16.939986
17.253689
16.626283
16.626283
16.626283
17.567393
16.626283
16.626283
20.077020
18.508503
17.881096
18.194800
16.939986
17.253689
16.939986
Srednia: 17.435637
