2.195924
2.195924
2.195924
2.195924
2.195924
2.509628
2.195924
2.195924
2.195924
2.509628
2.195924
2.509628
1.882221
2.509628
2.195924
2.195924
2.195924
2.195924
2.195924
2.195924
2.195924
2.195924
2.195924
2.195924
2.195924
2.509628
2.195924
2.509628
2.509628
2.509628
2.195924
2.195924
2.195924
2.195924
2.195924
2.509628
2.195924
2.195924
2.195924
2.509628
2.195924
2.195924
2.195924
2.509628
2.195924
2.509628
1.882221
1.882221
2.195924
2.195924
4.391848
2.195924
2.509628
2.509628
2.509628
2.509628
2.195924
2.195924
2.509628
2.195924
2.195924
2.195924
2.509628
2.195924
2.195924
2.195924
2.195924
2.509628
2.509628
2.509628
2.195924
2.195924
2.195924
1.882221
2.195924
2.509628
2.509628
2.509628
2.195924
2.195924
2.195924
2.509628
2.509628
2.195924
2.195924
2.195924
2.509628
2.195924
2.195924
14.744062
2.195924
2.195924
2.195924
2.509628
2.509628
2.509628
2.195924
2.509628
2.509628
2.509628
Srednia: 2.434339
