17.567404
17.253700
16.312589
17.253700
16.626293
17.253700
17.253700
17.253700
15.998886
16.312589
17.253700
17.253700
15.998886
16.312589
17.253700
16.312589
16.626293
16.312589
17.253700
17.253700
16.626293
16.939997
17.253700
17.253700
16.939997
17.253700
16.626293
17.881108
16.312589
17.253700
17.253700
16.312589
17.253700
16.939997
16.626293
15.998886
17.253700
16.939997
54.270730
16.312589
16.626293
17.253700
17.253700
16.939997
17.253700
16.939997
16.312589
17.253700
17.253700
17.253700
17.567404
18.508515
17.253700
16.939997
16.312589
16.626293
16.939997
17.253700
16.312589
17.253700
16.939997
16.939997
17.253700
16.626293
17.253700
17.253700
16.312589
17.567404
16.312589
16.939997
17.253700
17.253700
16.626293
17.253700
19.763329
17.881108
22.586662
18.194811
17.253700
17.253700
17.253700
17.253700
16.312589
17.253700
16.312589
17.253700
17.567404
21.645551
18.194811
16.312589
17.253700
16.939997
16.939997
16.626293
17.253700
17.253700
16.312589
17.253700
17.253700
15.998886
Srednia: 17.488978
