0.313703
0.313703
0.313703
0.313703
0.313703
0.313703
0.313703
0.313703
0.000000
0.313703
0.313703
0.000000
0.313703
0.313703
0.313703
0.627407
0.313703
0.000000
0.313703
0.313703
0.313703
0.627407
0.313703
0.313703
0.313703
0.313703
0.313703
0.313703
0.313703
0.313703
0.313703
0.313703
0.627407
0.627407
0.313703
0.000000
0.313703
0.313703
0.000000
0.313703
0.313703
0.313703
0.627407
0.313703
0.000000
0.313703
0.313703
0.313703
0.627407
0.313703
0.000000
0.313703
0.313703
0.627407
0.313703
0.313703
0.313703
0.313703
0.313703
0.313703
0.313703
0.313703
0.627407
0.313703
0.313703
0.313703
0.000000
0.313703
0.000000
0.313703
0.627407
0.313703
0.000000
0.313703
0.313703
0.313703
0.313703
0.313703
0.313703
0.313703
0.313703
0.313703
0.313703
0.313703
0.313703
0.313703
0.000000
0.313703
0.313703
0.313703
0.313703
0.313703
0.313703
0.313703
0.313703
0.313703
0.313703
0.000000
0.313703
0.313703
Srednia: 0.304292
