18.194800
17.881096
17.567393
68.387351
36.389600
36.075896
36.075896
17.253689
46.741813
18.194800
36.075896
17.881096
17.253689
35.134786
35.762193
36.389600
35.762193
17.881096
17.253689
17.881096
37.644413
17.253689
28.547013
36.075896
17.253689
45.173296
36.389600
17.881096
36.703303
35.448489
17.881096
19.135910
113.874350
17.567393
38.899227
17.881096
17.253689
35.134786
36.703303
37.644413
17.881096
37.958117
37.330710
36.389600
36.703303
17.881096
17.567393
17.567393
17.567393
17.567393
17.253689
18.508503
17.881096
17.881096
18.508503
17.881096
17.881096
18.822207
18.822207
17.881096
17.567393
18.508503
142.735067
275.117921
18.194800
241.865356
18.194800
18.194800
17.567393
18.194800
18.508503
37.644413
18.194800
39.212931
19.763317
18.508503
17.253689
16.939986
36.703303
36.075896
17.881096
37.017006
36.703303
17.881096
65.564020
37.017006
36.389600
37.330710
16.939986
35.134786
18.194800
17.881096
36.389600
35.448489
35.134786
36.075896
17.567393
38.271820
18.508503
36.703303
Srednia: 33.490980
