2.195925
2.195925
1.882222
1.882222
1.568518
2.195925
1.882222
1.882222
1.882222
1.568518
1.882222
13.175553
1.882222
1.882222
2.195925
2.195925
1.882222
1.882222
1.882222
2.195925
2.195925
1.882222
1.882222
1.882222
1.882222
1.882222
1.882222
1.882222
1.882222
1.882222
1.568518
1.882222
1.882222
1.882222
2.195925
1.882222
2.195925
2.195925
1.882222
1.882222
1.882222
1.882222
1.882222
1.882222
1.882222
1.882222
2.195925
2.509629
2.195925
2.195925
2.509629
2.195925
1.882222
2.195925
2.195925
2.509629
1.882222
1.882222
2.195925
2.195925
2.509629
1.882222
2.195925
2.195925
2.195925
1.882222
2.195925
2.195925
2.195925
2.195925
2.195925
2.195925
1.882222
2.509629
2.195925
2.195925
2.195925
2.195925
2.195925
2.195925
1.882222
2.509629
1.882222
2.195925
2.195925
1.882222
1.882222
2.195925
2.195925
2.195925
2.195925
1.882222
2.195925
1.882222
2.195925
2.195925
2.195925
2.195925
1.882222
1.882222
Srednia: 2.161418
