17.567404
17.567404
47.996657
18.194811
18.194811
17.567404
17.253700
38.271844
46.114435
18.508515
18.508515
37.330733
17.253700
17.567404
17.253700
37.644437
18.194811
18.822218
18.194811
17.881108
17.253700
17.253700
17.881108
36.703326
37.330733
17.253700
17.253700
37.644437
37.017030
37.330733
36.703326
36.075919
35.762215
44.859621
17.567404
18.822218
18.822218
18.508515
38.271844
17.253700
18.194811
18.194811
18.508515
17.881108
17.253700
16.939997
17.881108
47.682954
17.881108
17.567404
37.017030
18.508515
18.194811
38.585548
18.194811
18.508515
18.508515
19.135922
25.096291
17.881108
17.253700
106.972942
43.604806
37.958141
17.881108
17.881108
17.881108
18.194811
19.449626
16.939997
17.253700
36.703326
17.567404
17.881108
18.194811
40.154066
37.644437
18.822218
17.253700
36.703326
16.939997
38.271844
17.253700
36.703326
36.703326
18.508515
35.448512
35.762215
17.253700
17.567404
18.194811
18.822218
35.762215
17.253700
38.271844
17.253700
37.644437
16.626293
17.881108
36.389622
Srednia: 25.657821
