18.194811
17.253700
18.508515
17.881108
17.253700
17.567404
16.939997
17.253700
17.253700
17.253700
17.253700
17.253700
17.253700
17.253700
17.567404
17.253700
17.253700
17.253700
16.939997
17.253700
17.881108
17.567404
17.253700
18.822218
17.567404
17.253700
17.253700
17.253700
17.253700
17.253700
16.939997
18.194811
17.881108
17.567404
17.253700
16.939997
17.253700
17.567404
17.253700
17.253700
16.939997
17.567404
17.253700
17.253700
17.253700
17.253700
18.508515
17.253700
17.567404
17.253700
17.253700
17.881108
17.253700
17.253700
17.253700
17.253700
16.939997
17.253700
17.253700
17.567404
17.253700
17.567404
17.567404
17.253700
17.253700
17.253700
17.253700
16.939997
16.939997
17.253700
16.939997
19.449626
18.194811
16.939997
17.253700
17.253700
17.567404
17.253700
17.253700
17.567404
17.253700
16.939997
17.253700
17.567404
17.253700
17.253700
17.567404
17.253700
17.567404
17.253700
17.567404
17.567404
17.253700
17.567404
17.253700
18.194811
22.586662
17.567404
17.253700
17.253700
Srednia: 17.460745
