0.941110
0.941110
0.941110
0.627407
0.941110
0.627407
1.254814
1.882221
1.568517
1.254814
1.882221
1.568517
1.568517
1.568517
1.568517
2.195924
1.568517
1.568517
1.882221
1.882221
1.568517
1.882221
1.882221
1.568517
1.882221
1.882221
1.568517
1.568517
1.882221
1.882221
2.195924
1.568517
1.568517
1.568517
2.195924
1.882221
2.195924
1.568517
1.882221
1.882221
1.568517
1.568517
1.882221
1.882221
1.882221
1.568517
1.254814
1.568517
2.509628
1.568517
1.882221
1.568517
20.704427
82.504006
1.254814
1.882221
1.568517
1.254814
1.568517
1.568517
1.254814
1.254814
1.254814
0.941110
1.254814
2.195924
1.882221
1.568517
1.568517
1.568517
1.568517
1.254814
1.254814
1.882221
1.882221
1.568517
1.254814
1.254814
1.882221
1.568517
1.254814
1.254814
1.254814
1.568517
1.254814
1.254814
1.254814
0.627407
0.941110
1.254814
1.254814
1.568517
1.882221
1.568517
1.254814
0.941110
0.941110
0.941110
1.568517
1.568517
Srednia: 2.528450
