130.186930
111.051019
105.718061
104.463247
157.792833
117.325088
111.992130
110.423613
147.126916
118.266199
112.619537
144.303585
200.142798
157.479129
117.952495
162.498384
152.146171
471.182574
555.568801
119.521012
114.188054
110.737316
113.246944
121.716937
114.501757
323.428252
144.303585
113.560647
159.988757
656.895013
149.009136
160.929867
116.697681
112.305833
115.756571
114.501757
117.952495
117.638792
183.830219
383.659313
229.630922
156.224316
114.815461
117.011385
114.188054
171.595784
117.638792
155.596909
118.266199
111.051019
117.638792
117.638792
119.521012
115.756571
115.442868
903.465921
112.933240
145.872102
114.188054
159.047647
141.793957
244.688687
237.787211
153.400985
148.381729
127.991005
118.893606
1579.183141
307.429376
113.560647
122.658047
117.952495
113.246944
114.501757
293.626424
218.337598
138.970626
191.672805
154.969502
137.088405
156.224316
117.011385
153.400985
115.129164
136.460999
147.126916
275.745328
140.225440
149.322840
155.596909
131.755447
138.656923
140.852847
260.687563
195.437246
142.421364
140.539143
109.796206
136.147295
1142.507946
Srednia: 192.413145
