18.508503
18.822207
18.822207
18.508503
18.822207
19.449614
18.194800
18.822207
18.508503
18.822207
19.135910
53.329586
18.508503
48.624034
18.508503
18.822207
19.135910
18.194800
40.154041
18.508503
18.194800
18.822207
18.822207
18.822207
18.508503
18.508503
69.328461
18.194800
19.135910
18.508503
19.449614
18.822207
18.508503
18.822207
18.508503
18.508503
18.194800
18.822207
18.508503
19.135910
18.508503
47.369220
18.194800
210.181308
50.192551
18.822207
18.822207
18.822207
18.508503
18.822207
18.508503
18.508503
18.508503
19.763317
53.956993
19.449614
18.508503
50.819958
19.449614
18.194800
108.227688
19.449614
173.791708
46.741813
38.899227
47.682924
37.017006
18.508503
53.956993
18.822207
37.330710
36.075896
47.055517
18.194800
18.194800
18.822207
18.822207
17.881096
37.017006
46.741813
19.449614
48.624034
131.755447
18.508503
19.763317
38.271820
37.330710
80.308082
18.508503
19.135910
18.508503
18.194800
18.194800
18.508503
18.508503
18.822207
36.703303
18.194800
59.289951
20.704427
Srednia: 31.147615
