8.469993
11.607027
9.097400
9.097400
8.469993
11.293324
10.352214
9.097400
8.156290
8.783696
9.097400
8.783696
8.469993
7.842586
12.234434
10.665917
10.038510
10.665917
9.724807
9.411103
9.724807
9.411103
8.469993
9.411103
9.097400
10.665917
9.724807
8.783696
10.038510
8.783696
10.038510
9.097400
8.783696
11.920731
9.724807
9.097400
7.842586
7.215179
7.842586
9.724807
8.783696
9.097400
10.352214
83.131413
9.724807
9.411103
8.783696
9.411103
8.469993
10.352214
11.293324
9.724807
8.156290
31.056641
8.469993
13.175545
10.979621
9.724807
8.783696
10.352214
8.156290
7.842586
8.469993
8.469993
10.665917
9.411103
9.411103
9.097400
10.038510
9.724807
11.293324
10.979621
9.411103
8.156290
7.215179
7.215179
6.901476
6.901476
13.802952
7.842586
24.468869
10.665917
9.411103
8.156290
7.842586
8.156290
8.156290
8.156290
10.665917
9.411103
8.783696
7.842586
7.215179
9.411103
8.469993
8.156290
10.665917
10.352214
8.783696
8.469993
Srednia: 10.402406
