34.507379
64.936613
61.799579
58.035137
58.035137
58.662544
58.035137
62.113282
61.485875
77.484751
60.231061
59.289951
57.407730
61.172172
61.172172
59.289951
60.544765
103.208433
35.134786
64.622910
61.172172
63.995503
59.603655
60.544765
58.662544
58.976248
58.976248
58.662544
61.799579
70.583275
66.191427
61.799579
63.054392
58.348841
34.821082
97.561771
60.231061
62.113282
71.210682
35.134786
67.132537
65.877723
60.544765
59.917358
60.544765
59.917358
61.172172
155.596909
71.524385
61.485875
65.877723
60.544765
61.799579
59.603655
62.113282
60.544765
58.662544
59.603655
62.426986
81.249192
107.913985
35.134786
60.544765
60.231061
62.113282
59.917358
60.231061
62.426986
58.035137
91.601406
70.583275
63.995503
58.348841
63.054392
58.662544
165.008012
61.485875
59.289951
70.269572
65.250317
36.389600
63.054392
34.507379
37.017006
36.075896
35.448489
34.821082
34.507379
36.703303
34.507379
34.193675
36.075896
65.877723
69.328461
63.681799
59.289951
59.917358
60.858468
57.721434
64.936613
Srednia: 61.457642
