2.195924
1.882221
2.509628
1.882221
1.882221
1.882221
1.882221
1.882221
2.195924
1.882221
1.882221
2.195924
1.882221
2.195924
2.195924
1.882221
2.195924
2.195924
1.882221
1.882221
2.195924
1.882221
2.195924
1.882221
1.882221
1.882221
2.195924
2.195924
1.882221
2.195924
2.195924
1.882221
2.195924
2.195924
2.195924
2.195924
2.195924
1.882221
1.882221
1.882221
2.195924
1.882221
1.882221
2.195924
2.195924
2.195924
2.195924
1.882221
2.195924
1.882221
2.195924
2.509628
1.882221
1.882221
1.882221
1.882221
2.195924
2.195924
2.195924
2.195924
1.882221
1.882221
1.882221
2.195924
2.195924
2.195924
1.882221
2.195924
2.195924
2.195924
1.882221
1.882221
2.195924
2.195924
2.195924
2.195924
2.195924
1.882221
1.882221
1.882221
2.509628
2.195924
2.509628
2.195924
1.882221
2.195924
1.882221
1.882221
1.882221
2.195924
2.195924
2.195924
1.882221
1.882221
2.195924
2.195924
2.195924
1.882221
1.882221
2.195924
Srednia: 2.064169
