516.669574
149.322840
304.606045
142.107661
148.695433
111.992130
143.048771
147.126916
233.709066
156.224316
149.950247
133.010261
128.304709
133.323964
137.715812
132.382854
110.109909
161.870978
151.832467
149.950247
136.147295
140.539143
217.710191
133.637668
160.302460
161.243571
136.774702
136.147295
133.951371
108.541392
105.718061
105.718061
113.246944
106.659171
104.463247
107.600282
103.835840
495.651443
113.246944
106.659171
538.942518
113.246944
109.482502
107.600282
106.031764
105.090654
106.972875
164.380605
107.913985
108.227688
108.541392
110.109909
106.659171
110.109909
503.180326
112.305833
111.051019
107.286578
116.697681
110.109909
115.442868
125.481378
112.619537
141.480254
135.206185
110.423613
117.011385
117.638792
108.855095
106.972875
484.671822
112.305833
110.109909
117.638792
135.519888
111.051019
116.070275
111.051019
109.482502
166.576529
114.188054
117.952495
120.148419
112.933240
116.070275
111.992130
113.874350
114.501757
164.066902
108.855095
136.774702
848.881522
113.246944
117.952495
114.815461
130.186930
111.678426
107.600282
120.148419
102.267323
Srednia: 152.974348
