105.090654
35.134786
35.134786
35.762193
37.330710
35.448489
35.762193
37.644413
36.703303
37.017006
36.703303
77.484751
70.269572
66.191427
71.838089
186.339846
63.995503
60.231061
63.995503
67.132537
36.075896
66.191427
35.448489
63.995503
143.989881
59.603655
65.250317
62.740689
70.269572
63.995503
60.858468
35.448489
61.485875
59.289951
34.821082
59.917358
60.231061
102.894730
67.446241
60.858468
59.603655
45.800703
115.129164
61.485875
63.368096
60.858468
61.485875
78.425861
62.113282
63.681799
64.936613
62.740689
60.231061
63.681799
58.662544
61.485875
165.949122
35.134786
58.035137
60.544765
59.603655
62.426986
59.603655
84.386227
79.994378
35.134786
64.309206
63.995503
58.976248
60.858468
60.544765
58.976248
61.799579
35.448489
70.269572
36.703303
63.368096
41.408855
62.426986
59.289951
57.721434
58.662544
61.172172
72.465496
64.622910
59.917358
60.544765
64.309206
36.389600
61.172172
60.544765
36.389600
63.995503
59.289951
61.799579
60.858468
62.426986
62.740689
35.448489
63.054392
Srednia: 61.724290
